"gen_model","K_true","density","hierch","rep_id","scenario_id","theta_ocrp","dgp_partition","dyad_id","i","j","Aij","Aji","Nij","zi_true","zj_true","same_true","elpd_WST","pareto_k_WST","elpd_SST","pareto_k_SST","elpd_DC_SBM","pareto_k_DC_SBM","delta_elpd_WST_minus_SST","delta_elpd_WST_minus_DC","delta_elpd_SST_minus_DC"
"WST",10,"kappa_0.3","app_sparse_hetero",7,"WST_heteroSparse",2.96291897812002,"BALANCED",1,1,2,1,0,1,2,9,FALSE,-1.58258483709931,0.287706854730445,-1.56350655636479,0.326731842954446,-1.5353136151383,-0.0468981716031438,-0.0190782807345187,-0.0472712219610054,-0.0281929412264867
"WST",10,"kappa_0.3","app_sparse_hetero",7,"WST_heteroSparse",2.96291897812002,"BALANCED",2,1,3,0,0,0,2,1,FALSE,-0.398866089643348,-0.0468182501968894,-0.489250740529878,0.179861398239704,-0.385585517077498,0.15796395357223,0.0903846508865307,-0.0132805725658498,-0.10366522345238
"WST",10,"kappa_0.3","app_sparse_hetero",7,"WST_heteroSparse",2.96291897812002,"BALANCED",3,2,3,0,0,0,9,1,FALSE,-0.426093363789867,0.356079129491252,-0.392796993842602,0.319422905266045,-0.365512442384963,0.144719590297561,-0.0332963699472657,-0.0605809214049042,-0.0272845514576385
"WST",10,"kappa_0.3","app_sparse_hetero",7,"WST_heteroSparse",2.96291897812002,"BALANCED",4,1,4,0,0,0,2,8,FALSE,-0.290348149033067,0.0761463429704996,-0.30517950166544,0.0616710713741248,-0.315604584101361,0.113004662798856,0.0148313526323722,0.0252564350682931,0.0104250824359209
"WST",10,"kappa_0.3","app_sparse_hetero",7,"WST_heteroSparse",2.96291897812002,"BALANCED",5,2,4,0,0,0,9,8,FALSE,-0.373783702515992,0.483437739417782,-0.335706296303624,0.430935952700414,-0.311720686347646,0.160450867425286,-0.0380774062123672,-0.062063016168346,-0.0239856099559788
"WST",10,"kappa_0.3","app_sparse_hetero",7,"WST_heteroSparse",2.96291897812002,"BALANCED",6,3,4,0,0,0,1,8,FALSE,-0.329955400620819,0.201526938102122,-0.307731929448206,0.112335438139771,-0.345422064394413,0.091001344303193,-0.0222234711726133,0.0154666637735934,0.0376901349462067
"WST",10,"kappa_0.3","app_sparse_hetero",7,"WST_heteroSparse",2.96291897812002,"BALANCED",7,1,5,0,0,0,2,7,FALSE,-0.346618283760088,-0.0229357442576929,-0.340873470930873,-0.0420275992579502,-0.353096457899944,0.21000161006159,-0.00574481282921457,0.00647817413985585,0.0122229869690704
"WST",10,"kappa_0.3","app_sparse_hetero",7,"WST_heteroSparse",2.96291897812002,"BALANCED",8,2,5,0,0,0,9,7,FALSE,-0.345206256884468,0.229816320116793,-0.330141859439812,0.403268541997286,-0.290896345136388,0.309311219356532,-0.0150643974446565,-0.0543099117480805,-0.039245514303424
"WST",10,"kappa_0.3","app_sparse_hetero",7,"WST_heteroSparse",2.96291897812002,"BALANCED",9,3,5,1,0,1,1,7,FALSE,-1.56687803052786,0.408938653761516,-1.52592654870702,0.136815988106891,-1.5128582457368,-0.0710795109782527,-0.0409514818208372,-0.0540197847910582,-0.013068302970221
"WST",10,"kappa_0.3","app_sparse_hetero",7,"WST_heteroSparse",2.96291897812002,"BALANCED",10,4,5,0,0,0,8,7,FALSE,-0.319326929748113,0.376035902336405,-0.243132637708069,0.114529182537374,-0.258273314276956,0.140884706536481,-0.0761942920400447,-0.061053615471157,0.0151406765688877
"WST",10,"kappa_0.3","app_sparse_hetero",7,"WST_heteroSparse",2.96291897812002,"BALANCED",11,1,6,1,0,1,2,4,FALSE,-2.10865564905868,0.276118851305125,-2.06068888992728,0.171857305280135,-2.09755275265824,0.22776154957125,-0.0479667591314037,-0.0111028964004394,0.0368638627309643
"WST",10,"kappa_0.3","app_sparse_hetero",7,"WST_heteroSparse",2.96291897812002,"BALANCED",12,2,6,0,0,0,9,4,FALSE,-0.222965285857917,0.157352107747132,-0.256015251632619,0.321740265136889,-0.396799275953749,0.12176151245373,0.0330499657747021,0.173833990095832,0.14078402432113
"WST",10,"kappa_0.3","app_sparse_hetero",7,"WST_heteroSparse",2.96291897812002,"BALANCED",13,3,6,0,0,0,1,4,FALSE,-0.231473449362542,-0.0976632015524162,-0.161372397682801,0.441587409036548,-0.286859946232934,-0.00421179646709927,-0.0701010516797407,0.0553864968703923,0.125487548550133
"WST",10,"kappa_0.3","app_sparse_hetero",7,"WST_heteroSparse",2.96291897812002,"BALANCED",14,4,6,0,0,0,8,4,FALSE,-0.391010862344773,-0.0435698332624678,-0.416553628995211,0.215504553967165,-0.43513671142717,0.13555612416848,0.025542766650438,0.0441258490823975,0.0185830824319595
"WST",10,"kappa_0.3","app_sparse_hetero",7,"WST_heteroSparse",2.96291897812002,"BALANCED",15,5,6,0,0,0,7,4,FALSE,-0.448017660258518,0.295023711359212,-0.466410946925092,0.381860397030627,-0.50768983664163,0.0478185445248041,0.0183932866665737,0.0596721763831116,0.0412788897165379
"WST",10,"kappa_0.3","app_sparse_hetero",7,"WST_heteroSparse",2.96291897812002,"BALANCED",16,1,7,1,0,1,2,6,FALSE,-1.73214665739218,0.569712714739453,-1.63391606657441,0.0104397148742618,-1.64512951799997,0.200097066447833,-0.0982305908177761,-0.0870171393922119,0.0112134514255642
"WST",10,"kappa_0.3","app_sparse_hetero",7,"WST_heteroSparse",2.96291897812002,"BALANCED",17,2,7,0,0,0,9,6,FALSE,-0.26236842456079,0.0725178428793599,-0.265421460350081,0.0909678797920636,-0.256890297656526,-0.341995825850256,0.00305303578929106,-0.00547812690426319,-0.00853116269355425
"WST",10,"kappa_0.3","app_sparse_hetero",7,"WST_heteroSparse",2.96291897812002,"BALANCED",18,3,7,2,0,2,1,6,FALSE,-3.59099490593903,0.477963270411933,-3.29339235808002,0.419379693563444,-3.56578506528967,-0.00252109696074664,-0.297602547859015,-0.0252098406493628,0.272392707209653
"WST",10,"kappa_0.3","app_sparse_hetero",7,"WST_heteroSparse",2.96291897812002,"BALANCED",19,4,7,0,0,0,8,6,FALSE,-0.279256662654054,-0.0182837046513327,-0.283710352128086,0.407314799584064,-0.234687872005068,0.227925890195368,0.00445368947403146,-0.0445687906489862,-0.0490224801230177
"WST",10,"kappa_0.3","app_sparse_hetero",7,"WST_heteroSparse",2.96291897812002,"BALANCED",20,5,7,0,3,3,7,6,FALSE,-8.80849702775731,0.880879230106648,-8.02579592292442,0.279708129486181,-8.83050236979973,0.62162017072882,-0.782701104832888,0.0220053420424264,0.804706446875315
"WST",10,"kappa_0.3","app_sparse_hetero",7,"WST_heteroSparse",2.96291897812002,"BALANCED",21,6,7,1,0,1,4,6,FALSE,-1.39771105258299,0.278273258186018,-1.34581147568874,0.21541298098088,-1.37618763766332,0.531348473092411,-0.0518995768942538,-0.0215234149196677,0.0303761619745861
"WST",10,"kappa_0.3","app_sparse_hetero",7,"WST_heteroSparse",2.96291897812002,"BALANCED",22,1,8,0,0,0,2,9,FALSE,-0.233715269373101,0.0489788995825142,-0.219635219672091,-0.0321573616188008,-0.224107576977831,0.178596825788339,-0.0140800497010094,-0.00960769239526993,0.00447235730573947
"WST",10,"kappa_0.3","app_sparse_hetero",7,"WST_heteroSparse",2.96291897812002,"BALANCED",23,2,8,1,0,1,9,9,TRUE,-1.80795336962966,0.347283106575909,-1.86103606743477,0.00664915779123101,-2.14824315525364,-0.0966372447888833,0.0530826978051087,0.340289785623985,0.287207087818876
"WST",10,"kappa_0.3","app_sparse_hetero",7,"WST_heteroSparse",2.96291897812002,"BALANCED",24,3,8,0,0,0,1,9,FALSE,-0.263868741403829,0.128523946488757,-0.247250340521728,0.202360140273447,-0.230567043065286,0.288725363372327,-0.0166184008821002,-0.0333016983385424,-0.0166832974564421
"WST",10,"kappa_0.3","app_sparse_hetero",7,"WST_heteroSparse",2.96291897812002,"BALANCED",25,4,8,0,0,0,8,9,FALSE,-0.239826438179766,0.321449159927925,-0.220088055073079,0.417831742741873,-0.197976074869547,0.20403043629993,-0.0197383831066871,-0.0418503633102194,-0.0221119802035323
"WST",10,"kappa_0.3","app_sparse_hetero",7,"WST_heteroSparse",2.96291897812002,"BALANCED",26,5,8,1,0,1,7,9,FALSE,-2.01436237644025,0.285449838192439,-2.04113006455145,0.175530389891297,-2.07705009503718,0.190288185250721,0.0267676881111951,0.0626877185969308,0.0359200304857357
"WST",10,"kappa_0.3","app_sparse_hetero",7,"WST_heteroSparse",2.96291897812002,"BALANCED",27,6,8,0,0,0,4,9,FALSE,-0.140728256707895,0.239627152825817,-0.161095066571645,0.202285242715761,-0.254432233529376,0.575752375034615,0.0203668098637495,0.113703976821481,0.0933371669577312
"WST",10,"kappa_0.3","app_sparse_hetero",7,"WST_heteroSparse",2.96291897812002,"BALANCED",28,7,8,0,0,0,6,9,FALSE,-0.167478528142382,0.123389281751701,-0.170582880659914,0.278254014300695,-0.163513021858163,0.413007545920525,0.00310435251753205,-0.00396550628421899,-0.00706985880175104
"WST",10,"kappa_0.3","app_sparse_hetero",7,"WST_heteroSparse",2.96291897812002,"BALANCED",29,1,9,0,0,0,2,3,FALSE,-0.202309864257291,0.202130652539095,-0.214859424650439,0.147680721925824,-0.215880804822897,0.245869744945217,0.0125495603931478,0.0135709405656055,0.00102138017245768
"WST",10,"kappa_0.3","app_sparse_hetero",7,"WST_heteroSparse",2.96291897812002,"BALANCED",30,2,9,0,0,0,9,3,FALSE,-0.274461695513762,0.176382286332588,-0.337845493961718,0.165891538744678,-0.430488284928063,-0.109435707155101,0.0633837984479566,0.156026589414301,0.0926427909663445
"WST",10,"kappa_0.3","app_sparse_hetero",7,"WST_heteroSparse",2.96291897812002,"BALANCED",31,3,9,0,0,0,1,3,FALSE,-0.224580681818118,0.244465690100459,-0.229637295199846,0.0694463475829188,-0.239822237236943,-0.110627093967493,0.00505661338172825,0.0152415554188252,0.010184942037097
"WST",10,"kappa_0.3","app_sparse_hetero",7,"WST_heteroSparse",2.96291897812002,"BALANCED",32,4,9,0,0,0,8,3,FALSE,-0.406216891726129,-0.0347120753830337,-0.462011361395781,0.409959512626126,-0.370425164577918,0.115899542502344,0.0557944696696522,-0.0357917271482107,-0.0915861968178628
"WST",10,"kappa_0.3","app_sparse_hetero",7,"WST_heteroSparse",2.96291897812002,"BALANCED",33,5,9,0,0,0,7,3,FALSE,-0.380280690385316,0.129414644450309,-0.426287250862956,0.162763938870705,-0.40761850255487,0.0983396591822718,0.0460065604776405,0.027337812169554,-0.0186687483080865
"WST",10,"kappa_0.3","app_sparse_hetero",7,"WST_heteroSparse",2.96291897812002,"BALANCED",34,6,9,0,1,1,4,3,FALSE,-1.1532044199305,0.467864377264889,-1.16983945117808,0.648368942723316,-1.16073660276662,0.275919924701693,0.0166350312475805,0.00753218283612256,-0.00910284841145792
"WST",10,"kappa_0.3","app_sparse_hetero",7,"WST_heteroSparse",2.96291897812002,"BALANCED",35,7,9,0,1,1,6,3,FALSE,-2.13868479789767,0.590406562743565,-1.84237557816931,0.572300041247117,-1.51751518375325,0.0868541215951089,-0.296309219728363,-0.621169614144421,-0.324860394416057
"WST",10,"kappa_0.3","app_sparse_hetero",7,"WST_heteroSparse",2.96291897812002,"BALANCED",36,8,9,0,1,1,9,3,FALSE,-2.35856811991597,0.0715327341060969,-1.96088118459001,0.510391581580928,-1.70839620673418,0.0526672424351012,-0.397686935325967,-0.650171913181795,-0.252484977855828
"WST",10,"kappa_0.3","app_sparse_hetero",7,"WST_heteroSparse",2.96291897812002,"BALANCED",37,1,10,1,0,1,2,3,FALSE,-2.19911937009454,0.229962994290721,-2.21444484051499,0.565316995992602,-2.30863278109746,-0.00556573865871868,0.0153254704204464,0.109513411002919,0.094187940582473
"WST",10,"kappa_0.3","app_sparse_hetero",7,"WST_heteroSparse",2.96291897812002,"BALANCED",38,2,10,0,0,0,9,3,FALSE,-0.266877978338205,0.256106766799168,-0.335578321477582,0.170463793350988,-0.449703370984769,0.167340822570091,0.0687003431393771,0.182825392646564,0.114125049507186
"WST",10,"kappa_0.3","app_sparse_hetero",7,"WST_heteroSparse",2.96291897812002,"BALANCED",39,3,10,0,0,0,1,3,FALSE,-0.248776676959285,0.336735335613053,-0.254833012380175,0.363395337740837,-0.249853123213297,-0.162885430281185,0.00605633542089024,0.00107644625401271,-0.00497988916687753
"WST",10,"kappa_0.3","app_sparse_hetero",7,"WST_heteroSparse",2.96291897812002,"BALANCED",40,4,10,0,0,0,8,3,FALSE,-0.431817321565942,0.209706424701897,-0.480836239967805,0.130605024941676,-0.386824236324986,0.00304484312391153,0.0490189184018623,-0.0449930852409564,-0.0940120036428187
"WST",10,"kappa_0.3","app_sparse_hetero",7,"WST_heteroSparse",2.96291897812002,"BALANCED",41,5,10,0,0,0,7,3,FALSE,-0.400587337657632,0.143607254759829,-0.443759458987535,0.277768880160044,-0.426559356732988,0.106469451053104,0.0431721213299028,0.0259720190753558,-0.0172001022545469
"WST",10,"kappa_0.3","app_sparse_hetero",7,"WST_heteroSparse",2.96291897812002,"BALANCED",42,6,10,0,1,1,4,3,FALSE,-1.13202880272573,0.108454838550562,-1.14215438027075,0.0942796779268796,-1.14335788375188,0.0537029136957141,0.0101255775450246,0.0113290810261528,0.00120350348112819
"WST",10,"kappa_0.3","app_sparse_hetero",7,"WST_heteroSparse",2.96291897812002,"BALANCED",43,7,10,0,0,0,6,3,FALSE,-0.276550258598471,-0.0958120368380743,-0.2684488336718,0.279329347029224,-0.389018971886835,0.214801280249727,-0.00810142492667065,0.112468713288364,0.120570138215035
"WST",10,"kappa_0.3","app_sparse_hetero",7,"WST_heteroSparse",2.96291897812002,"BALANCED",44,8,10,0,0,0,9,3,FALSE,-0.175120359490291,0.379267705545874,-0.217378416105563,0.0264651479227219,-0.281188518448032,-0.0693047586677315,0.0422580566152719,0.106068158957742,0.0638101023424698
"WST",10,"kappa_0.3","app_sparse_hetero",7,"WST_heteroSparse",2.96291897812002,"BALANCED",45,9,10,0,1,1,3,3,TRUE,-2.70656988660649,0.924845750447528,-2.84453304664383,1.21787662602774,-2.44050820875922,-0.01496265535673,0.137963160037341,-0.266061677847269,-0.404024837884609
"WST",10,"kappa_0.3","app_sparse_hetero",7,"WST_heteroSparse",2.96291897812002,"BALANCED",46,1,11,0,0,0,2,9,FALSE,-0.311418057510323,-0.139124031711803,-0.294586070324097,-0.0177629783394083,-0.299389195347331,-0.10427082734675,-0.0168319871862259,-0.0120288621629925,0.00480312502323343
"WST",10,"kappa_0.3","app_sparse_hetero",7,"WST_heteroSparse",2.96291897812002,"BALANCED",47,2,11,0,0,0,9,9,TRUE,-1.1887727520405,-0.0655768145913559,-0.942009871797087,0.129882204067422,-0.518370867207897,0.255749585400284,-0.246762880243409,-0.670401884832598,-0.423639004589189
"WST",10,"kappa_0.3","app_sparse_hetero",7,"WST_heteroSparse",2.96291897812002,"BALANCED",48,3,11,2,0,2,1,9,FALSE,-3.66916928959381,0.50201856392394,-3.69482603870482,0.384192737109532,-3.80083213254785,0.292214219927956,0.0256567491110049,0.131662842954036,0.106006093843031
"WST",10,"kappa_0.3","app_sparse_hetero",7,"WST_heteroSparse",2.96291897812002,"BALANCED",49,4,11,0,0,0,8,9,FALSE,-0.316006172787845,0.12707338129003,-0.291955136859986,0.25813203749024,-0.261925115047822,-0.0280624652730851,-0.024051035927859,-0.0540810577400235,-0.0300300218121645
"WST",10,"kappa_0.3","app_sparse_hetero",7,"WST_heteroSparse",2.96291897812002,"BALANCED",50,5,11,0,0,0,7,9,FALSE,-0.296784903969235,0.205944596684074,-0.29089133140838,0.458771325351166,-0.245358758090385,0.321955349737968,-0.0058935725608551,-0.0514261458788505,-0.0455325733179954
"WST",10,"kappa_0.3","app_sparse_hetero",7,"WST_heteroSparse",2.96291897812002,"BALANCED",51,6,11,0,0,0,4,9,FALSE,-0.189417133471143,0.284829319057191,-0.21579246060553,0.112570113526342,-0.333135572791436,0.353101085081093,0.026375327134387,0.143718439320293,0.117343112185906
"WST",10,"kappa_0.3","app_sparse_hetero",7,"WST_heteroSparse",2.96291897812002,"BALANCED",52,7,11,0,0,0,6,9,FALSE,-0.223727312611238,-0.0236964706347813,-0.227780165029993,-0.186963036947648,-0.215311176926001,0.135106574380363,0.00405285241875486,-0.00841613568523769,-0.0124689881039926
"WST",10,"kappa_0.3","app_sparse_hetero",7,"WST_heteroSparse",2.96291897812002,"BALANCED",53,8,11,0,0,0,9,9,TRUE,-0.736162707789529,0.362620534151407,-0.562535619593734,0.205793287316093,-0.330707852042789,0.299557339388686,-0.173627088195794,-0.40545485574674,-0.231827767550945
"WST",10,"kappa_0.3","app_sparse_hetero",7,"WST_heteroSparse",2.96291897812002,"BALANCED",54,9,11,0,0,0,3,9,FALSE,-0.229852638875902,-0.0680729875752023,-0.28522265442114,-0.0795359661311575,-0.360897803555762,0.25078321247392,0.0553700155452379,0.13104516467986,0.0756751491346224
"WST",10,"kappa_0.3","app_sparse_hetero",7,"WST_heteroSparse",2.96291897812002,"BALANCED",55,10,11,0,0,0,3,9,FALSE,-0.224092464922634,0.185210616302276,-0.287434198675895,0.0649713304378461,-0.376719756768262,0.194895845945956,0.0633417337532602,0.152627291845628,0.0892855580923673
"WST",10,"kappa_0.3","app_sparse_hetero",7,"WST_heteroSparse",2.96291897812002,"BALANCED",56,1,12,2,0,2,2,6,FALSE,-4.0895026177236,0.15983711997866,-4.03288338360329,0.787284009558829,-4.01624772330887,0.677720452986815,-0.0566192341203129,-0.0732548944147275,-0.0166356602944147
"WST",10,"kappa_0.3","app_sparse_hetero",7,"WST_heteroSparse",2.96291897812002,"BALANCED",57,2,12,0,0,0,9,6,FALSE,-0.242112877789578,0.42528611153353,-0.262885799303283,0.277314017103528,-0.237199831773978,0.295787564293361,0.0207729215137054,-0.0049130460155995,-0.0256859675293049
"WST",10,"kappa_0.3","app_sparse_hetero",7,"WST_heteroSparse",2.96291897812002,"BALANCED",58,3,12,0,0,0,1,6,FALSE,-0.324173440812938,0.394735012407552,-0.302797987129031,0.0565585517469296,-0.307024584464067,0.135737455574972,-0.0213754536839073,-0.0171488563488715,0.00422659733503572
"WST",10,"kappa_0.3","app_sparse_hetero",7,"WST_heteroSparse",2.96291897812002,"BALANCED",59,4,12,0,0,0,8,6,FALSE,-0.250490292397777,0.285402050380177,-0.208637948692747,0.151241650209512,-0.217317442815123,0.0694949092171318,-0.0418523437050302,-0.0331728495826544,0.00867949412237579
"WST",10,"kappa_0.3","app_sparse_hetero",7,"WST_heteroSparse",2.96291897812002,"BALANCED",60,5,12,0,0,0,7,6,FALSE,-0.274673782268023,0.173912698478311,-0.229900018191585,0.153396660457079,-0.250672765016072,0.0660520078337709,-0.0447737640764378,-0.0240010172519503,0.0207727468244876
"WST",10,"kappa_0.3","app_sparse_hetero",7,"WST_heteroSparse",2.96291897812002,"BALANCED",61,6,12,0,0,0,4,6,FALSE,-0.33550091028024,0.31277871176357,-0.376143080231332,0.213484541669655,-0.378773132926196,0.144801566047571,0.0406421699510915,0.0432722226459559,0.00263005269486438
"WST",10,"kappa_0.3","app_sparse_hetero",7,"WST_heteroSparse",2.96291897812002,"BALANCED",62,7,12,0,0,0,6,6,TRUE,-0.250315272740316,0.277443043926194,-0.244168590777243,0.0821435258017105,-0.228830073797291,0.14788268511699,-0.00614668196307289,-0.0214851989430249,-0.015338516979952
"WST",10,"kappa_0.3","app_sparse_hetero",7,"WST_heteroSparse",2.96291897812002,"BALANCED",63,8,12,0,0,0,9,6,FALSE,-0.161328005620074,0.509264128545177,-0.173248529752467,0.273988184677416,-0.15156903921226,0.521899874576778,0.0119205241323925,-0.00975896640781482,-0.0216794905402073
"WST",10,"kappa_0.3","app_sparse_hetero",7,"WST_heteroSparse",2.96291897812002,"BALANCED",64,9,12,0,0,0,3,6,FALSE,-0.346825951682446,0.0586654273746246,-0.383149029769852,0.285233663644857,-0.361013938899223,0.10200358684442,0.0363230780874062,0.0141879872167774,-0.0221350908706288
"WST",10,"kappa_0.3","app_sparse_hetero",7,"WST_heteroSparse",2.96291897812002,"BALANCED",65,10,12,0,0,0,3,6,FALSE,-0.3651110484101,0.145721032530307,-0.400685949675472,0.228333948091724,-0.375459447288875,0.081385206872201,0.0355749012653721,0.0103483988787758,-0.0252265023865963
"WST",10,"kappa_0.3","app_sparse_hetero",7,"WST_heteroSparse",2.96291897812002,"BALANCED",66,11,12,0,0,0,9,6,FALSE,-0.201987763757214,0.466608415222847,-0.225530067273759,0.203551530887789,-0.19878590750405,0.235970350848426,0.0235423035165452,-0.00320185625316416,-0.0267441597697093
"WST",10,"kappa_0.3","app_sparse_hetero",7,"WST_heteroSparse",2.96291897812002,"BALANCED",67,1,13,0,0,0,2,7,FALSE,-0.266376678291746,0.094793889314014,-0.275159410167781,0.145792844924436,-0.290916598238286,0.160857542279692,0.00878273187603451,0.0245399199465393,0.0157571880705047
"WST",10,"kappa_0.3","app_sparse_hetero",7,"WST_heteroSparse",2.96291897812002,"BALANCED",68,2,13,0,0,0,9,7,FALSE,-0.311870856180597,0.279667758344326,-0.272604840754574,0.346015542564885,-0.249885077676368,0.257345442314298,-0.0392660154260227,-0.0619857785042282,-0.0227197630782054
"WST",10,"kappa_0.3","app_sparse_hetero",7,"WST_heteroSparse",2.96291897812002,"BALANCED",69,3,13,1,0,1,1,7,FALSE,-1.80432225600466,0.0898062075438181,-1.73134707360317,0.197333128566007,-1.66147469758271,-0.0505467950210363,-0.0729751824014899,-0.142847558421955,-0.0698723760204647
"WST",10,"kappa_0.3","app_sparse_hetero",7,"WST_heteroSparse",2.96291897812002,"BALANCED",70,4,13,0,0,0,8,7,FALSE,-0.217946396717196,0.216749253463771,-0.167472123735167,0.47460800246432,-0.208294309808326,0.189796440382704,-0.0504742729820284,-0.00965208690886943,0.040822186073159
"WST",10,"kappa_0.3","app_sparse_hetero",7,"WST_heteroSparse",2.96291897812002,"BALANCED",71,5,13,0,0,0,7,7,TRUE,-0.274094023332202,0.124323789916295,-0.212447354625423,0.207669018819641,-0.233277376076159,-0.0481333814202461,-0.0616466687067785,-0.040816647256043,0.0208300214507355
"WST",10,"kappa_0.3","app_sparse_hetero",7,"WST_heteroSparse",2.96291897812002,"BALANCED",72,6,13,0,0,0,4,7,FALSE,-0.378753695236371,0.426398597090723,-0.407568663445642,0.133222588904368,-0.413463076368457,-0.121885723917824,0.0288149682092707,0.0347093811320853,0.00589441292281467
"WST",10,"kappa_0.3","app_sparse_hetero",7,"WST_heteroSparse",2.96291897812002,"BALANCED",73,7,13,1,0,1,6,7,FALSE,-2.2271005722048,0.298087568799952,-2.13052727624718,0.0386057589608286,-2.50152997265016,0.0994771028143538,-0.0965732959576133,0.274429400445361,0.371002696402974
"WST",10,"kappa_0.3","app_sparse_hetero",7,"WST_heteroSparse",2.96291897812002,"BALANCED",74,8,13,0,1,1,9,7,FALSE,-2.30501730969074,0.388867096664102,-2.21527715042761,0.40755397966193,-2.2846961999905,0.0751146759274634,-0.0897401592631315,-0.0203211097002391,0.0694190495628924
"WST",10,"kappa_0.3","app_sparse_hetero",7,"WST_heteroSparse",2.96291897812002,"BALANCED",75,9,13,0,0,0,3,7,FALSE,-0.368937733896008,0.164755288401775,-0.407840381018973,0.315603666796565,-0.330631950702468,-0.12638844713693,0.0389026471229652,-0.0383057831935396,-0.0772084303165048
"WST",10,"kappa_0.3","app_sparse_hetero",7,"WST_heteroSparse",2.96291897812002,"BALANCED",76,10,13,2,0,2,3,7,FALSE,-3.62825163817657,0.4937048167057,-3.46898476251884,0.0865492230377292,-3.58210587741838,0.244873134843834,-0.159266875657733,-0.0461457607581925,0.11312111489954
"WST",10,"kappa_0.3","app_sparse_hetero",7,"WST_heteroSparse",2.96291897812002,"BALANCED",77,11,13,0,0,0,9,7,FALSE,-0.267342555372251,0.366905233697492,-0.241986706689162,0.423953219373237,-0.208961523921544,0.206376230227231,-0.0253558486830885,-0.0583810314507067,-0.0330251827676182
"WST",10,"kappa_0.3","app_sparse_hetero",7,"WST_heteroSparse",2.96291897812002,"BALANCED",78,12,13,0,0,0,6,7,FALSE,-0.223398814304089,-0.118498346543527,-0.183481103156567,0.220240652343187,-0.19813769225591,0.178557693432667,-0.0399177111475222,-0.02526112204818,0.0146565890993422
"WST",10,"kappa_0.3","app_sparse_hetero",7,"WST_heteroSparse",2.96291897812002,"BALANCED",79,1,14,0,0,0,2,1,FALSE,-0.493946670888016,0.48536819025549,-0.54520505877978,0.0707642223984711,-0.496104951749653,0.302333639020035,0.0512583878917647,0.00215828086163761,-0.0491001070301271
"WST",10,"kappa_0.3","app_sparse_hetero",7,"WST_heteroSparse",2.96291897812002,"BALANCED",80,2,14,0,0,0,9,1,FALSE,-0.511757673230137,0.383640554555796,-0.444643341253316,0.288461028920209,-0.406759913966212,0.178081336524215,-0.0671143319768204,-0.104997759263925,-0.0378834272871043
"WST",10,"kappa_0.3","app_sparse_hetero",7,"WST_heteroSparse",2.96291897812002,"BALANCED",81,3,14,0,2,2,1,1,TRUE,-3.91775081387725,0.333101393506057,-3.730027446231,0.185042299532819,-3.76249509855297,0.0554474965121391,-0.187723367646256,-0.155255715324282,0.0324676523219738
"WST",10,"kappa_0.3","app_sparse_hetero",7,"WST_heteroSparse",2.96291897812002,"BALANCED",82,4,14,0,0,0,8,1,FALSE,-0.364036765476948,0.249100381467269,-0.335731891729824,0.143774071416244,-0.388094677619482,0.278265176069023,-0.0283048737471239,0.0240579121425339,0.0523627858896578
"WST",10,"kappa_0.3","app_sparse_hetero",7,"WST_heteroSparse",2.96291897812002,"BALANCED",83,5,14,0,0,0,7,1,FALSE,-0.467283968710579,0.398149836075375,-0.430667277085131,0.0921021180687942,-0.455454225403822,0.00893058672136962,-0.036616691625448,-0.0118297433067571,0.0247869483186909
"WST",10,"kappa_0.3","app_sparse_hetero",7,"WST_heteroSparse",2.96291897812002,"BALANCED",84,6,14,0,0,0,4,1,FALSE,-0.201318932210797,0.268879624813157,-0.164437388609088,0.340784948432678,-0.172007264030789,0.136316662789003,-0.0368815436017096,-0.0293116681800081,0.00756987542170151
"WST",10,"kappa_0.3","app_sparse_hetero",7,"WST_heteroSparse",2.96291897812002,"BALANCED",85,7,14,0,0,0,6,1,FALSE,-0.505479304310994,0.477939787870993,-0.483934735666399,0.168540858132218,-0.423144914025531,0.153904074291557,-0.0215445686445959,-0.0823343902854639,-0.060789821640868
"WST",10,"kappa_0.3","app_sparse_hetero",7,"WST_heteroSparse",2.96291897812002,"BALANCED",86,8,14,0,0,0,9,1,FALSE,-0.320923289895394,0.199356251527078,-0.277813462466978,0.00422071536378976,-0.259877936380778,0.525637780590369,-0.0431098274284167,-0.0610453535146167,-0.0179355260862
"WST",10,"kappa_0.3","app_sparse_hetero",7,"WST_heteroSparse",2.96291897812002,"BALANCED",87,9,14,0,0,0,3,1,FALSE,-0.26881405833899,0.243541067405758,-0.260691618821626,0.187254073248793,-0.289735873944537,0.213386438954893,-0.00812243951736313,0.020921815605548,0.0290442551229111
"WST",10,"kappa_0.3","app_sparse_hetero",7,"WST_heteroSparse",2.96291897812002,"BALANCED",88,10,14,0,0,0,3,1,FALSE,-0.297006842527536,0.279975639036576,-0.28973942986357,0.161325638784795,-0.303629396231243,0.0808646476059194,-0.0072674126639658,0.00662255370370701,0.0138899663676728
"WST",10,"kappa_0.3","app_sparse_hetero",7,"WST_heteroSparse",2.96291897812002,"BALANCED",89,11,14,0,0,0,9,1,FALSE,-0.44082104452646,0.430798841206849,-0.373146966502174,0.434719391724893,-0.339960333216743,0.23864542950476,-0.0676740780242859,-0.100860711309717,-0.0331866332854309
"WST",10,"kappa_0.3","app_sparse_hetero",7,"WST_heteroSparse",2.96291897812002,"BALANCED",90,12,14,0,0,0,6,1,FALSE,-0.3634877023961,0.43062083982146,-0.334777494406717,0.105377992203935,-0.325778053659551,-0.0699700339615184,-0.0287102079893833,-0.0377096487365494,-0.00899944074716608
"WST",10,"kappa_0.3","app_sparse_hetero",7,"WST_heteroSparse",2.96291897812002,"BALANCED",91,13,14,0,0,0,7,1,FALSE,-0.329824400776207,0.273455843293693,-0.320231184154335,0.108585789277698,-0.366739210564013,0.178982808159168,-0.00959321662187218,0.036914809787806,0.0465080264096782
"WST",10,"kappa_0.3","app_sparse_hetero",7,"WST_heteroSparse",2.96291897812002,"BALANCED",92,1,15,0,0,0,2,5,FALSE,-0.241016121991773,0.0147164815381991,-0.215396242945138,0.25501331272855,-0.280220166874311,0.0153057721277847,-0.0256198790466353,0.0392040448825375,0.0648239239291728
"WST",10,"kappa_0.3","app_sparse_hetero",7,"WST_heteroSparse",2.96291897812002,"BALANCED",93,2,15,0,0,0,9,5,FALSE,-0.151207616609203,0.417257540297059,-0.17739213543615,0.246968098569436,-0.271618929940577,-0.125377900583434,0.0261845188269474,0.120411313331374,0.0942267945044266
"WST",10,"kappa_0.3","app_sparse_hetero",7,"WST_heteroSparse",2.96291897812002,"BALANCED",94,3,15,0,0,0,1,5,FALSE,-0.151844999727221,0.0567177107111698,-0.107154507101852,0.211856213939391,-0.194841352634639,-0.116497354227636,-0.0446904926253691,0.0429963529074184,0.0876868455327875
"WST",10,"kappa_0.3","app_sparse_hetero",7,"WST_heteroSparse",2.96291897812002,"BALANCED",95,4,15,0,0,0,8,5,FALSE,-0.265125079425229,0.164499568514664,-0.279629509509351,0.0992383218124402,-0.293762817806609,0.19380511282265,0.0145044300841217,0.0286377383813798,0.0141333082972581
"WST",10,"kappa_0.3","app_sparse_hetero",7,"WST_heteroSparse",2.96291897812002,"BALANCED",96,5,15,0,0,0,7,5,FALSE,-0.298564982751159,-0.00625595950142076,-0.313973949364433,-0.063450667616847,-0.340669301042462,0.0797032342509798,0.0154089666132737,0.0421043182913028,0.0266953516780291
"WST",10,"kappa_0.3","app_sparse_hetero",7,"WST_heteroSparse",2.96291897812002,"BALANCED",97,6,15,0,0,0,4,5,FALSE,-0.205590110315713,0.149384027005561,-0.208175125659595,0.333152176229523,-0.210399653138147,0.392557561282344,0.00258501534388245,0.00480954282243395,0.00222452747855151
"WST",10,"kappa_0.3","app_sparse_hetero",7,"WST_heteroSparse",2.96291897812002,"BALANCED",98,7,15,0,0,0,6,5,FALSE,-0.338958212536445,0.279472592154125,-0.343894915921702,0.163397753939394,-0.322983244840471,-0.0612684903835203,0.00493670338525654,-0.015974967695974,-0.0209116710812305
"WST",10,"kappa_0.3","app_sparse_hetero",7,"WST_heteroSparse",2.96291897812002,"BALANCED",99,8,15,0,0,0,9,5,FALSE,-0.0954741172565559,0.29200749616437,-0.112020706549896,0.22536625649564,-0.174435993142724,0.610140507022007,0.0165465892933403,0.0789618758861677,0.0624152865928274
"WST",10,"kappa_0.3","app_sparse_hetero",7,"WST_heteroSparse",2.96291897812002,"BALANCED",100,9,15,2,0,2,3,5,FALSE,-2.92908604941682,0.315542978946045,-2.97492792503004,0.529957303772436,-3.01371682991755,0.409527973833157,0.0458418756132275,0.0846307805007394,0.0387889048875119
"WST",10,"kappa_0.3","app_sparse_hetero",7,"WST_heteroSparse",2.96291897812002,"BALANCED",101,10,15,1,0,1,3,5,FALSE,-1.28598460953394,-0.0186580738141268,-1.2977953797323,0.157730187682729,-1.31305151516848,0.193382927594185,0.0118107701983599,0.0270669056345332,0.0152561354361733
"WST",10,"kappa_0.3","app_sparse_hetero",7,"WST_heteroSparse",2.96291897812002,"BALANCED",102,11,15,0,0,0,9,5,FALSE,-0.127844679717517,0.353798690517173,-0.148424900804257,0.116513646058339,-0.22667874677514,-0.100803730436609,0.0205802210867407,0.0988340670576235,0.0782538459708828
"WST",10,"kappa_0.3","app_sparse_hetero",7,"WST_heteroSparse",2.96291897812002,"BALANCED",103,12,15,0,1,1,6,5,FALSE,-2.29369862333472,0.226186415608683,-2.09197139333001,0.353927875313288,-2.16289096135298,0.121360620544945,-0.201727230004716,-0.130807661981746,0.07091956802297
"WST",10,"kappa_0.3","app_sparse_hetero",7,"WST_heteroSparse",2.96291897812002,"BALANCED",104,13,15,0,0,0,7,5,FALSE,-0.253590890263536,0.114033155238737,-0.271169940030215,0.302117428218441,-0.280219895210253,-0.0430236293454296,0.0175790497666792,0.0266290049467175,0.00904995518003826
"WST",10,"kappa_0.3","app_sparse_hetero",7,"WST_heteroSparse",2.96291897812002,"BALANCED",105,14,15,0,0,0,1,5,FALSE,-0.13102974627349,0.304233758086742,-0.109989347105758,0.307994343504815,-0.130922883084879,0.198372233825858,-0.0210403991677319,-0.000106863188610973,0.020933535979121
"WST",10,"kappa_0.3","app_sparse_hetero",7,"WST_heteroSparse",2.96291897812002,"BALANCED",106,1,16,0,0,0,2,10,FALSE,-0.287187142180113,0.307333141607917,-0.309902900667936,-0.0486351866371714,-0.314480652750542,-0.0525443798098855,0.0227157584878226,0.0272935105704288,0.00457775208260625
"WST",10,"kappa_0.3","app_sparse_hetero",7,"WST_heteroSparse",2.96291897812002,"BALANCED",107,2,16,0,0,0,9,10,FALSE,-0.243787650918721,0.0549540011106185,-0.272866933495735,0.28011737174275,-0.480561027910304,0.104574974662468,0.0290792825770136,0.236773376991583,0.20769409441457
"WST",10,"kappa_0.3","app_sparse_hetero",7,"WST_heteroSparse",2.96291897812002,"BALANCED",108,3,16,0,0,0,1,10,FALSE,-0.265822744728081,-0.192562456992384,-0.280857868548502,0.141531815159001,-0.320989499179928,0.138191212402174,0.0150351238204207,0.0551667544518475,0.0401316306314268
"WST",10,"kappa_0.3","app_sparse_hetero",7,"WST_heteroSparse",2.96291897812002,"BALANCED",109,4,16,0,0,0,8,10,FALSE,-0.167616021073753,0.11755925119953,-0.150038736407024,0.232428755892012,-0.260253212376788,0.269500153932404,-0.0175772846667295,0.0926371913030346,0.110214475969764
"WST",10,"kappa_0.3","app_sparse_hetero",7,"WST_heteroSparse",2.96291897812002,"BALANCED",110,5,16,0,0,0,7,10,FALSE,-0.209283728579446,0.112406046204847,-0.187851280394908,0.287979714888828,-0.24635813244739,0.0277816282335524,-0.0214324481845383,0.037074403867944,0.0585068520524823
"WST",10,"kappa_0.3","app_sparse_hetero",7,"WST_heteroSparse",2.96291897812002,"BALANCED",111,6,16,0,0,0,4,10,FALSE,-0.566690116602452,0.290886075507568,-0.548231723539031,0.0176389571099066,-0.371081517402578,-0.0216849264785604,-0.0184583930634208,-0.195608599199874,-0.177150206136453
"WST",10,"kappa_0.3","app_sparse_hetero",7,"WST_heteroSparse",2.96291897812002,"BALANCED",112,7,16,0,0,0,6,10,FALSE,-0.227469545749791,0.425373898585509,-0.223621472734122,0.394361622313814,-0.22261796256945,0.149347147460573,-0.00384807301566958,-0.00485158318034085,-0.00100351016467126
"WST",10,"kappa_0.3","app_sparse_hetero",7,"WST_heteroSparse",2.96291897812002,"BALANCED",113,8,16,0,0,0,9,10,FALSE,-0.14677871338123,0.0732444691343418,-0.159847846127967,0.173562543293553,-0.303391111439124,0.343576445421734,0.0130691327467369,0.156612398057894,0.143543265311157
"WST",10,"kappa_0.3","app_sparse_hetero",7,"WST_heteroSparse",2.96291897812002,"BALANCED",114,9,16,0,0,0,3,10,FALSE,-0.523204689194735,0.15718357099651,-0.538699118543497,0.290131498953455,-0.381930791311175,0.213138995162246,0.0154944293487622,-0.14127389788356,-0.156768327232322
"WST",10,"kappa_0.3","app_sparse_hetero",7,"WST_heteroSparse",2.96291897812002,"BALANCED",115,10,16,0,0,0,3,10,FALSE,-0.544494442005847,0.102242396085884,-0.55472537833957,0.0709328713423977,-0.400642373930724,0.0543346115649315,0.0102309363337225,-0.143852068075123,-0.154083004408846
"WST",10,"kappa_0.3","app_sparse_hetero",7,"WST_heteroSparse",2.96291897812002,"BALANCED",116,11,16,0,0,0,9,10,FALSE,-0.200126461365657,0.114887737869758,-0.219258001951945,0.0778406484359083,-0.402741409853928,0.00289790204629099,0.0191315405862884,0.202614948488272,0.183483407901983
"WST",10,"kappa_0.3","app_sparse_hetero",7,"WST_heteroSparse",2.96291897812002,"BALANCED",117,12,16,0,0,0,6,10,FALSE,-0.203087636363488,0.0922311717889489,-0.177541338450977,-0.0662415637269447,-0.204976435576783,0.334203782548621,-0.025546297912511,0.00188879921329477,0.0274350971258057
"WST",10,"kappa_0.3","app_sparse_hetero",7,"WST_heteroSparse",2.96291897812002,"BALANCED",118,13,16,0,0,0,7,10,FALSE,-0.146559663576875,-0.0355330993040503,-0.133132794931264,0.229857057522937,-0.214001222067107,0.124072927694527,-0.0134268686456114,0.0674415584902324,0.0808684271358437
"WST",10,"kappa_0.3","app_sparse_hetero",7,"WST_heteroSparse",2.96291897812002,"BALANCED",119,14,16,0,0,0,1,10,FALSE,-0.286659501580941,0.287317998989166,-0.309013316443171,-0.0148390741406541,-0.358415407098511,0.298556417766358,0.0223538148622291,0.0717559055175698,0.0494020906553407
"WST",10,"kappa_0.3","app_sparse_hetero",7,"WST_heteroSparse",2.96291897812002,"BALANCED",120,15,16,0,0,0,5,10,FALSE,-0.380366683505516,0.0449769755892775,-0.373291580447901,0.0870176205314033,-0.252418574624119,0.15549853255956,-0.00707510305761438,-0.127948108881396,-0.120873005823782
"WST",10,"kappa_0.3","app_sparse_hetero",7,"WST_heteroSparse",2.96291897812002,"BALANCED",121,1,17,0,0,0,2,5,FALSE,-0.277862666914588,0.0164055238555963,-0.250027299042528,-0.0406060257889063,-0.330725800121013,0.248091474850479,-0.0278353678720604,0.0528631332064249,0.0806985010784853
"WST",10,"kappa_0.3","app_sparse_hetero",7,"WST_heteroSparse",2.96291897812002,"BALANCED",122,2,17,0,0,0,9,5,FALSE,-0.189478477364975,0.127349426090916,-0.210188525252056,-0.0238702027617187,-0.316947342297683,0.416802040100689,0.0207100478870803,0.127468864932708,0.106758817045628
"WST",10,"kappa_0.3","app_sparse_hetero",7,"WST_heteroSparse",2.96291897812002,"BALANCED",123,3,17,0,0,0,1,5,FALSE,-0.192013008193378,0.358221326744907,-0.123768067439626,0.295390247934745,-0.230737575735536,-0.0729347311414453,-0.0682449407537522,0.0387245675421584,0.106969508295911
"WST",10,"kappa_0.3","app_sparse_hetero",7,"WST_heteroSparse",2.96291897812002,"BALANCED",124,4,17,0,1,1,8,5,FALSE,-1.73381414411066,0.293491491792266,-1.64830576053672,0.169006520735555,-1.6085843544708,0.40029105394749,-0.0855083835739396,-0.125229789639866,-0.0397214060659259
"WST",10,"kappa_0.3","app_sparse_hetero",7,"WST_heteroSparse",2.96291897812002,"BALANCED",125,5,17,0,0,0,7,5,FALSE,-0.351638340524265,0.14937839095975,-0.370451756760026,0.101356563389212,-0.401043387807125,-0.0210328633712689,0.0188134162357612,0.0494050472828595,0.0305916310470984
"WST",10,"kappa_0.3","app_sparse_hetero",7,"WST_heteroSparse",2.96291897812002,"BALANCED",126,6,17,0,0,0,4,5,FALSE,-0.25165728662378,0.323698160282987,-0.240332887110064,0.36180453381696,-0.234468400210502,0.204768442288618,-0.0113243995137156,-0.0171888864132779,-0.00586448689956232
"WST",10,"kappa_0.3","app_sparse_hetero",7,"WST_heteroSparse",2.96291897812002,"BALANCED",127,7,17,0,2,2,6,5,FALSE,-3.82045127728449,0.803075163378087,-3.41124226966816,0.277433618498682,-3.60106108248956,0.797668698476282,-0.409209007616331,-0.21939019479493,0.189818812821401
"WST",10,"kappa_0.3","app_sparse_hetero",7,"WST_heteroSparse",2.96291897812002,"BALANCED",128,8,17,0,0,0,9,5,FALSE,-0.121554957450178,0.159148518140095,-0.13232233432751,0.150365484654734,-0.20317291303973,0.470775872155987,0.0107673768773315,0.0816179555895511,0.0708505787122196
"WST",10,"kappa_0.3","app_sparse_hetero",7,"WST_heteroSparse",2.96291897812002,"BALANCED",129,9,17,0,0,0,3,5,FALSE,-0.58640703779732,0.244968465645832,-0.599877437873655,0.161908299273512,-0.581459805145442,-0.0478523082026111,0.0134704000763346,-0.0049472326518778,-0.0184176327282124
"WST",10,"kappa_0.3","app_sparse_hetero",7,"WST_heteroSparse",2.96291897812002,"BALANCED",130,10,17,2,0,2,3,5,FALSE,-2.66046005067893,0.390882898925351,-2.60674079397968,0.238088317997064,-2.6501449364346,0.11189809799783,-0.0537192566992513,-0.0103151142443236,0.0434041424549276
"WST",10,"kappa_0.3","app_sparse_hetero",7,"WST_heteroSparse",2.96291897812002,"BALANCED",131,11,17,0,1,1,9,5,FALSE,-2.36235599556156,0.4760748551274,-2.16765758872624,0.404270767368721,-1.7291667903615,0.104198195755491,-0.194698406835321,-0.633189205200065,-0.438490798364744
"WST",10,"kappa_0.3","app_sparse_hetero",7,"WST_heteroSparse",2.96291897812002,"BALANCED",132,12,17,0,0,0,6,5,FALSE,-0.273022809763434,0.548322096358301,-0.295039490655775,0.165359506151756,-0.299310275502002,0.137034759013843,0.0220166808923405,0.0262874657385677,0.00427078484622712
"WST",10,"kappa_0.3","app_sparse_hetero",7,"WST_heteroSparse",2.96291897812002,"BALANCED",133,13,17,0,0,0,7,5,FALSE,-0.293450494007551,0.250485083763484,-0.318497734606346,0.211281063053379,-0.328398824622804,-0.0561727792028173,0.0250472405987949,0.0349483306152525,0.00990109001645756
"WST",10,"kappa_0.3","app_sparse_hetero",7,"WST_heteroSparse",2.96291897812002,"BALANCED",134,14,17,0,0,0,1,5,FALSE,-0.168676140886351,0.119339862369144,-0.125909541536224,0.229281977020386,-0.144960812891658,0.430661390783212,-0.0427665993501272,-0.0237153279946929,0.0190512713554343
"WST",10,"kappa_0.3","app_sparse_hetero",7,"WST_heteroSparse",2.96291897812002,"BALANCED",135,15,17,1,0,1,5,5,TRUE,-2.85970805847877,0.198140756410017,-2.86902593678749,0.42522517129576,-2.94326958025426,0.672906163092577,0.00931787830872111,0.0835615217754908,0.0742436434667697
"WST",10,"kappa_0.3","app_sparse_hetero",7,"WST_heteroSparse",2.96291897812002,"BALANCED",136,16,17,0,1,1,10,5,FALSE,-1.42437618038696,0.0826351730195187,-1.43893737219672,0.244425021003188,-1.66130221298857,0.0140839237406557,0.0145611918097597,0.236926032601608,0.222364840791848
"WST",10,"kappa_0.3","app_sparse_hetero",7,"WST_heteroSparse",2.96291897812002,"BALANCED",137,1,18,1,0,1,2,9,FALSE,-1.83515467178094,0.208373085505171,-1.82645893300698,0.284601032896058,-1.77765328409387,0.0650235338729016,-0.00869573877396057,-0.0575013876870667,-0.0488056489131061
"WST",10,"kappa_0.3","app_sparse_hetero",7,"WST_heteroSparse",2.96291897812002,"BALANCED",138,2,18,1,1,2,9,9,TRUE,-2.84967996177338,0.321094797236511,-3.08524523170886,0.155584467713158,-3.83954405941713,0.258230303149298,0.23556526993548,0.98986409764375,0.754298827708269
"WST",10,"kappa_0.3","app_sparse_hetero",7,"WST_heteroSparse",2.96291897812002,"BALANCED",139,3,18,0,0,0,1,9,FALSE,-0.304914567454731,0.336807539057197,-0.281502836794757,0.136293145393628,-0.262120557260741,0.220028052806366,-0.0234117306599746,-0.0427940101939903,-0.0193822795340157
"WST",10,"kappa_0.3","app_sparse_hetero",7,"WST_heteroSparse",2.96291897812002,"BALANCED",140,4,18,0,0,0,8,9,FALSE,-0.262313633869161,0.264356567373404,-0.241129463172371,0.410116634114452,-0.227001044863364,0.37037681776727,-0.0211841706967908,-0.0353125890057973,-0.0141284183090065
"WST",10,"kappa_0.3","app_sparse_hetero",7,"WST_heteroSparse",2.96291897812002,"BALANCED",141,5,18,0,0,0,7,9,FALSE,-0.244223960647798,0.143930924169779,-0.235427890582566,0.223870135231608,-0.211805832511202,0.169384040698503,-0.0087960700652312,-0.0324181281365954,-0.0236220580713642
"WST",10,"kappa_0.3","app_sparse_hetero",7,"WST_heteroSparse",2.96291897812002,"BALANCED",142,6,18,0,0,0,4,9,FALSE,-0.154440195541881,-0.0800750759794967,-0.180140266801651,0.0881959261660153,-0.286487431191292,0.0695954883000816,0.0257000712597701,0.132047235649411,0.106347164389641
"WST",10,"kappa_0.3","app_sparse_hetero",7,"WST_heteroSparse",2.96291897812002,"BALANCED",143,7,18,0,0,0,6,9,FALSE,-0.187570704250835,0.162483775148816,-0.189555099375237,0.149749973828237,-0.184368353253808,0.13025283129241,0.00198439512440274,-0.00320235099702693,-0.00518674612142966
"WST",10,"kappa_0.3","app_sparse_hetero",7,"WST_heteroSparse",2.96291897812002,"BALANCED",144,8,18,0,0,0,9,9,TRUE,-0.6111114970583,0.290551112765681,-0.479983848666719,0.2770161224907,-0.284449519549038,0.216233364214417,-0.131127648391581,-0.326661977509262,-0.195534329117681
"WST",10,"kappa_0.3","app_sparse_hetero",7,"WST_heteroSparse",2.96291897812002,"BALANCED",145,9,18,1,0,1,3,9,FALSE,-2.28827896734959,0.108348393007821,-1.86959448741701,0.48270190745654,-1.60804806578997,-0.213399151595354,-0.418684479932574,-0.680230901559619,-0.261546421627044
"WST",10,"kappa_0.3","app_sparse_hetero",7,"WST_heteroSparse",2.96291897812002,"BALANCED",146,10,18,0,0,0,3,9,FALSE,-0.187882016805649,0.122394248539388,-0.23661902435086,0.193742255269136,-0.324034882139923,-0.0185469392459933,0.0487370075452116,0.136152865334275,0.0874158577890629
"WST",10,"kappa_0.3","app_sparse_hetero",7,"WST_heteroSparse",2.96291897812002,"BALANCED",147,11,18,0,1,1,9,9,TRUE,-1.82344862518462,0.1055460568572,-1.90025165623017,0.364565924764451,-2.17039987833084,0.100386907491002,0.0768030310455554,0.34695125314622,0.270148222100665
"WST",10,"kappa_0.3","app_sparse_hetero",7,"WST_heteroSparse",2.96291897812002,"BALANCED",148,12,18,0,0,0,6,9,FALSE,-0.168172045408752,0.244431022428756,-0.18607224283631,0.269180458237694,-0.169988204337201,0.396261520922768,0.0179001974275579,0.00181615892844977,-0.0160840384991081
"WST",10,"kappa_0.3","app_sparse_hetero",7,"WST_heteroSparse",2.96291897812002,"BALANCED",149,13,18,0,0,0,7,9,FALSE,-0.226985037793812,0.344741876816864,-0.194873405462306,0.324635722611515,-0.179232803947865,0.215056211141953,-0.0321116323315058,-0.0477522338459462,-0.0156406015144404
"WST",10,"kappa_0.3","app_sparse_hetero",7,"WST_heteroSparse",2.96291897812002,"BALANCED",150,14,18,1,0,1,1,9,FALSE,-1.60212910640598,0.463328908407132,-1.61684850604743,0.0670010914628624,-1.71104199738853,0.133413524346288,0.0147193996414572,0.108912890982557,0.0941934913411
"WST",10,"kappa_0.3","app_sparse_hetero",7,"WST_heteroSparse",2.96291897812002,"BALANCED",151,15,18,0,0,0,5,9,FALSE,-0.105663362994785,-0.0553283970432709,-0.125128327782211,0.104324145823956,-0.194392621914531,0.0445383112020323,0.0194649647874261,0.0887292589197459,0.0692642941323198
"WST",10,"kappa_0.3","app_sparse_hetero",7,"WST_heteroSparse",2.96291897812002,"BALANCED",152,16,18,0,1,1,10,9,FALSE,-2.62830074258929,0.626664598170859,-3.89177976843668,0.293460216115777,-3.65458070693394,0.488953744674247,1.26347902584739,1.02627996434464,-0.237199061502747
"WST",10,"kappa_0.3","app_sparse_hetero",7,"WST_heteroSparse",2.96291897812002,"BALANCED",153,17,18,0,0,0,5,9,FALSE,-0.133147620173834,0.0366988503265517,-0.147921879174394,0.153201162089078,-0.228211193668402,0.222622239382187,0.0147742590005597,0.095063573494568,0.0802893144940082
"WST",10,"kappa_0.3","app_sparse_hetero",7,"WST_heteroSparse",2.96291897812002,"BALANCED",154,1,19,0,0,0,2,8,FALSE,-0.358646048916252,0.0840979027524958,-0.364350513235777,0.0888566775847658,-0.356825790456064,0.177638993599967,0.00570446431952565,-0.00182025846018785,-0.0075247227797135
"WST",10,"kappa_0.3","app_sparse_hetero",7,"WST_heteroSparse",2.96291897812002,"BALANCED",155,2,19,0,1,1,9,8,FALSE,-1.85301558604562,0.471527404942614,-1.7378662738005,0.260022841013444,-1.72217264344414,-0.0191448213698952,-0.115149312245121,-0.130842942601484,-0.0156936303563633
"WST",10,"kappa_0.3","app_sparse_hetero",7,"WST_heteroSparse",2.96291897812002,"BALANCED",156,3,19,1,0,1,1,8,FALSE,-1.57158070822437,0.153016161872392,-1.46101157663549,0.184609488269682,-1.51645088487431,0.099779681961981,-0.110569131588885,-0.0551298233500583,0.0554393082388263
"WST",10,"kappa_0.3","app_sparse_hetero",7,"WST_heteroSparse",2.96291897812002,"BALANCED",157,4,19,0,0,0,8,8,TRUE,-0.301147024296106,0.299967713209345,-0.277663032667831,0.149928375421786,-0.251902628669733,0.0846828684619648,-0.0234839916282752,-0.0492443956263724,-0.0257604039980972
"WST",10,"kappa_0.3","app_sparse_hetero",7,"WST_heteroSparse",2.96291897812002,"BALANCED",158,5,19,0,0,0,7,8,FALSE,-0.324701443533238,-0.046766783135536,-0.309421211168219,0.0166656415186553,-0.28658257649729,0.00521616790542739,-0.0152802323650185,-0.0381188670359478,-0.0228386346709293
"WST",10,"kappa_0.3","app_sparse_hetero",7,"WST_heteroSparse",2.96291897812002,"BALANCED",159,6,19,0,0,0,4,8,FALSE,-0.465411863487262,0.370470342543572,-0.518958886818884,-0.0178217874642331,-0.514896666501598,0.072503324432134,0.053547023331622,0.0494848030143364,-0.00406222031728554
"WST",10,"kappa_0.3","app_sparse_hetero",7,"WST_heteroSparse",2.96291897812002,"BALANCED",160,7,19,0,0,0,6,8,FALSE,-0.29839883489266,0.198636051222862,-0.288821686195627,0.0990792629605041,-0.262409261959719,0.161042315875745,-0.00957714869703263,-0.0359895729329409,-0.0264124242359083
"WST",10,"kappa_0.3","app_sparse_hetero",7,"WST_heteroSparse",2.96291897812002,"BALANCED",161,8,19,0,1,1,9,8,FALSE,-2.19918952311907,0.469479932829371,-2.08944124950093,0.434129685000589,-2.09748285448618,0.00783949740904002,-0.109748273618139,-0.101706668632882,0.00804160498525608
"WST",10,"kappa_0.3","app_sparse_hetero",7,"WST_heteroSparse",2.96291897812002,"BALANCED",162,9,19,0,0,0,3,8,FALSE,-0.413927050265637,0.18823060807618,-0.392101058292497,0.209339347416998,-0.410200875294031,0.0767643217209795,-0.0218259919731398,-0.00372617497160643,0.0180998170015334
"WST",10,"kappa_0.3","app_sparse_hetero",7,"WST_heteroSparse",2.96291897812002,"BALANCED",163,10,19,0,0,0,3,8,FALSE,-0.434853539434163,-0.206276881742152,-0.413969743126745,0.0930571320631601,-0.427309436422736,0.107148665518427,-0.0208837963074187,-0.00754410301142716,0.0133396932959915
"WST",10,"kappa_0.3","app_sparse_hetero",7,"WST_heteroSparse",2.96291897812002,"BALANCED",164,11,19,0,0,0,9,8,FALSE,-0.292910556126449,0.317571705171042,-0.26468438665332,0.202268435564395,-0.238122107393664,-0.0157398877213479,-0.028226169473129,-0.0547884487327845,-0.0265622792596556
"WST",10,"kappa_0.3","app_sparse_hetero",7,"WST_heteroSparse",2.96291897812002,"BALANCED",165,12,19,0,0,0,6,8,FALSE,-0.262052257183925,0.161886629199551,-0.254869795915857,0.208935234776407,-0.244326442583342,0.101395982716812,-0.00718246126806754,-0.017725814600583,-0.0105433533325154
"WST",10,"kappa_0.3","app_sparse_hetero",7,"WST_heteroSparse",2.96291897812002,"BALANCED",166,13,19,0,0,0,7,8,FALSE,-0.254266273970869,-0.0366390537526422,-0.241757967152594,0.285791605208434,-0.229677604753983,0.0434240696933608,-0.0125083068182752,-0.024588669216886,-0.0120803623986108
"WST",10,"kappa_0.3","app_sparse_hetero",7,"WST_heteroSparse",2.96291897812002,"BALANCED",167,14,19,0,0,0,1,8,FALSE,-0.454173626742271,0.249704872197086,-0.471530936914873,-0.0337365981717622,-0.454117363953816,-0.0234810951949951,0.0173573101726019,-5.62627884557187e-05,-0.0174135729610576
"WST",10,"kappa_0.3","app_sparse_hetero",7,"WST_heteroSparse",2.96291897812002,"BALANCED",168,15,19,0,0,0,5,8,FALSE,-0.31560677502504,0.119869592868091,-0.352421683447888,0.0787000624379984,-0.346428547657155,0.0967993141246192,0.0368149084228477,0.0308217726321143,-0.00599313579073346
"WST",10,"kappa_0.3","app_sparse_hetero",7,"WST_heteroSparse",2.96291897812002,"BALANCED",169,16,19,0,2,2,10,8,FALSE,-4.94752740046844,0.527126430028967,-5.13510339051106,0.580240977342282,-4.53575984113825,0.441533478811225,0.187575990042624,-0.41176755933019,-0.599343549372813
"WST",10,"kappa_0.3","app_sparse_hetero",7,"WST_heteroSparse",2.96291897812002,"BALANCED",170,17,19,0,0,0,5,8,FALSE,-0.36823948721686,0.250717424792897,-0.413472236682559,0.0897421525852025,-0.408371260155027,0.168086607765252,0.0452327494656997,0.0401317729381674,-0.00510097652753227
"WST",10,"kappa_0.3","app_sparse_hetero",7,"WST_heteroSparse",2.96291897812002,"BALANCED",171,18,19,0,0,0,9,8,FALSE,-0.246916713506452,0.347120688335576,-0.216487074664398,0.0808922938734942,-0.204009700226591,0.0875174708969097,-0.0304296388420537,-0.0429070132798612,-0.0124773744378075
"WST",10,"kappa_0.3","app_sparse_hetero",7,"WST_heteroSparse",2.96291897812002,"BALANCED",172,1,20,0,0,0,2,1,FALSE,-0.519125969263752,0.203481470593039,-0.615102114850234,0.267252793551171,-0.538852926470431,0.0363133730558467,0.0959761455864827,0.0197269572066796,-0.0762491883798031
"WST",10,"kappa_0.3","app_sparse_hetero",7,"WST_heteroSparse",2.96291897812002,"BALANCED",173,2,20,0,1,1,9,1,FALSE,-1.32784411949995,0.0991246678727887,-1.33158208904781,0.00056392009608814,-1.4234195712262,0.226995936601246,0.00373796954785899,0.0955754517262459,0.0918374821783869
"WST",10,"kappa_0.3","app_sparse_hetero",7,"WST_heteroSparse",2.96291897812002,"BALANCED",174,3,20,1,0,1,1,1,TRUE,-2.22534859870449,0.641509794262346,-2.13630896966211,2.09146194249099,-3.11429357154801,0.442091781533125,-0.0890396290423716,0.888944972843522,0.977984601885893
"WST",10,"kappa_0.3","app_sparse_hetero",7,"WST_heteroSparse",2.96291897812002,"BALANCED",175,4,20,0,0,0,8,1,FALSE,-0.390191449142535,0.328479308893914,-0.367082833893485,0.136815606968075,-0.422363598124393,0.295461536595274,-0.0231086152490505,0.032172148981858,0.0552807642309086
"WST",10,"kappa_0.3","app_sparse_hetero",7,"WST_heteroSparse",2.96291897812002,"BALANCED",176,5,20,0,1,1,7,1,FALSE,-1.48814401684517,0.308029262245803,-1.39518744557664,0.282710549097802,-1.43609627273453,0.200366845836998,-0.0929565712685241,-0.0520477441106397,0.0409088271578844
"WST",10,"kappa_0.3","app_sparse_hetero",7,"WST_heteroSparse",2.96291897812002,"BALANCED",177,6,20,0,0,0,4,1,FALSE,-0.2395879017191,0.0810221481368432,-0.178734947450671,0.313152152987166,-0.19223325769486,0.241604823426866,-0.0608529542684284,-0.0473546440242396,0.0134983102441888
"WST",10,"kappa_0.3","app_sparse_hetero",7,"WST_heteroSparse",2.96291897812002,"BALANCED",178,7,20,0,0,0,6,1,FALSE,-0.481261967857629,0.19441624886203,-0.51707603332273,0.0153212055625939,-0.465574353982107,0.199880662699209,0.0358140654651011,-0.0156876138755218,-0.0515016793406229
"WST",10,"kappa_0.3","app_sparse_hetero",7,"WST_heteroSparse",2.96291897812002,"BALANCED",179,8,20,0,0,0,9,1,FALSE,-0.32205484101501,0.120342839238865,-0.301285858979966,-0.0575968563267778,-0.279870712659018,0.34818748944167,-0.0207689820350438,-0.0421841283559923,-0.0214151463209484
"WST",10,"kappa_0.3","app_sparse_hetero",7,"WST_heteroSparse",2.96291897812002,"BALANCED",180,9,20,0,0,0,3,1,FALSE,-0.278262930947127,0.442095865570293,-0.281947028726836,0.0869491695321383,-0.316516336447605,0.117860812650091,0.00368409777970857,0.0382534055004777,0.0345693077207692
"WST",10,"kappa_0.3","app_sparse_hetero",7,"WST_heteroSparse",2.96291897812002,"BALANCED",181,10,20,0,1,1,3,1,FALSE,-1.72649091709772,0.377089034995391,-1.68090763315569,0.0956958422398932,-1.63764334148776,0.202453451114133,-0.0455832839420323,-0.0888475756099627,-0.0432642916679304
"WST",10,"kappa_0.3","app_sparse_hetero",7,"WST_heteroSparse",2.96291897812002,"BALANCED",182,11,20,0,0,0,9,1,FALSE,-0.432772427197729,0.345754904734215,-0.406279667598469,0.308460349139301,-0.368574181212663,0.256428810662896,-0.0264927595992592,-0.0641982459850654,-0.0377054863858062
"WST",10,"kappa_0.3","app_sparse_hetero",7,"WST_heteroSparse",2.96291897812002,"BALANCED",183,12,20,0,0,0,6,1,FALSE,-0.372621600380521,0.178989621130178,-0.366858991897356,0.246915075909616,-0.360990254778883,0.220025606706485,-0.00576260848316501,-0.0116313456016375,-0.00586873711847247
"WST",10,"kappa_0.3","app_sparse_hetero",7,"WST_heteroSparse",2.96291897812002,"BALANCED",184,13,20,0,0,0,7,1,FALSE,-0.346741116633878,0.0312954917812492,-0.351041872909279,0.0128384243815672,-0.397476000839262,0.209021680155669,0.00430075627540116,0.0507348842053839,0.0464341279299827
"WST",10,"kappa_0.3","app_sparse_hetero",7,"WST_heteroSparse",2.96291897812002,"BALANCED",185,14,20,0,0,0,1,1,TRUE,-0.847769272779879,0.415329865878026,-0.905169157851732,0.267225796164801,-0.991896108794722,0.381131909891072,0.0573998850718533,0.144126836014843,0.0867269509429898
"WST",10,"kappa_0.3","app_sparse_hetero",7,"WST_heteroSparse",2.96291897812002,"BALANCED",186,15,20,0,0,0,5,1,FALSE,-0.156777297514365,0.118047477799483,-0.11965070157247,0.260149194829008,-0.144606447419076,0.294308454901327,-0.0371265959418947,-0.0121708500952895,0.0249557458466052
"WST",10,"kappa_0.3","app_sparse_hetero",7,"WST_heteroSparse",2.96291897812002,"BALANCED",187,16,20,0,1,1,10,1,FALSE,-1.78045499416637,0.305384194471473,-1.64011690085946,0.420655867696309,-1.51705886135673,-0.0111721915760607,-0.14033809330691,-0.263396132809644,-0.123058039502734
"WST",10,"kappa_0.3","app_sparse_hetero",7,"WST_heteroSparse",2.96291897812002,"BALANCED",188,17,20,0,0,0,5,1,FALSE,-0.201571528387643,-0.0329509042924093,-0.136331065608297,0.177808984249938,-0.161893541958758,0.346778509602995,-0.0652404627793466,-0.0396779864288854,0.0255624763504612
"WST",10,"kappa_0.3","app_sparse_hetero",7,"WST_heteroSparse",2.96291897812002,"BALANCED",189,18,20,0,0,0,9,1,FALSE,-0.371523125505875,0.337874363750759,-0.343691050430492,-0.0522332407534816,-0.318036872910815,0.167571721860098,-0.0278320750753833,-0.0534862525950599,-0.0256541775196766
"WST",10,"kappa_0.3","app_sparse_hetero",7,"WST_heteroSparse",2.96291897812002,"BALANCED",190,19,20,0,0,0,8,1,FALSE,-0.472486550142849,0.0981182061539622,-0.509860901115842,0.0449621588672015,-0.495218465919982,0.00594384169747761,0.0373743509729927,0.0227319157771326,-0.0146424351958601
"WST",10,"kappa_0.3","app_sparse_hetero",7,"WST_heteroSparse",2.96291897812002,"BALANCED",191,1,21,0,0,0,2,1,FALSE,-0.454440045677923,0.254111082127124,-0.559097712497312,0.132257745005493,-0.537860727574611,0.106028692531018,0.104657666819389,0.0834206818966878,-0.0212369849227017
"WST",10,"kappa_0.3","app_sparse_hetero",7,"WST_heteroSparse",2.96291897812002,"BALANCED",192,2,21,0,0,0,9,1,FALSE,-0.48789803174772,0.328152299656315,-0.452797880932089,0.114599393942759,-0.444445101645211,0.207926159908362,-0.035100150815631,-0.0434529301025082,-0.00835277928687717
"WST",10,"kappa_0.3","app_sparse_hetero",7,"WST_heteroSparse",2.96291897812002,"BALANCED",193,3,21,0,0,0,1,1,TRUE,-0.634833403566061,0.0867752904117713,-0.75150922019068,0.286788624756453,-0.757108245436585,0.172067086350639,0.116675816624618,0.122274841870524,0.00559902524590505
"WST",10,"kappa_0.3","app_sparse_hetero",7,"WST_heteroSparse",2.96291897812002,"BALANCED",194,4,21,0,0,0,8,1,FALSE,-0.403460565182441,-0.037987960957035,-0.407383395383333,0.377235625155683,-0.427635823431681,0.179879292110826,0.00392283020089135,0.0241752582492403,0.0202524280483489
"WST",10,"kappa_0.3","app_sparse_hetero",7,"WST_heteroSparse",2.96291897812002,"BALANCED",195,5,21,0,1,1,7,1,FALSE,-1.46281148972943,0.456148357605689,-1.36631573618014,0.152576120759626,-1.4205570384756,0.381372915564098,-0.096495753549287,-0.0422544512538341,0.0542413022954529
"WST",10,"kappa_0.3","app_sparse_hetero",7,"WST_heteroSparse",2.96291897812002,"BALANCED",196,6,21,0,0,0,4,1,FALSE,-0.302464458045852,0.0482193253237691,-0.234215257094207,-0.259807309726614,-0.223619890676146,0.674862168702032,-0.0682492009516453,-0.078844567369706,-0.0105953664180607
"WST",10,"kappa_0.3","app_sparse_hetero",7,"WST_heteroSparse",2.96291897812002,"BALANCED",197,7,21,0,0,0,6,1,FALSE,-0.481329406869505,0.114158737802789,-0.492880472160739,0.139169804273048,-0.468058364013687,0.262419863419423,0.0115510652912345,-0.013271042855818,-0.0248221081470525
"WST",10,"kappa_0.3","app_sparse_hetero",7,"WST_heteroSparse",2.96291897812002,"BALANCED",198,8,21,0,1,1,9,1,FALSE,-1.73641403444674,0.585132023866724,-1.73983988944036,0.675058123070257,-1.74216023516215,-0.00789389338570815,0.00342585499362347,0.00574620071541432,0.00232034572179085
"WST",10,"kappa_0.3","app_sparse_hetero",7,"WST_heteroSparse",2.96291897812002,"BALANCED",199,9,21,0,0,0,3,1,FALSE,-0.260819539445913,0.173217410921164,-0.272560282143943,0.0601185483041925,-0.315588192682124,0.137089430135825,0.0117407426980298,0.0547686532362102,0.0430279105381803
"WST",10,"kappa_0.3","app_sparse_hetero",7,"WST_heteroSparse",2.96291897812002,"BALANCED",200,10,21,0,1,1,3,1,FALSE,-1.89208253131221,0.535753713151695,-1.81171909674018,0.417165607448168,-1.67200389809601,0.112712783078424,-0.0803634345720345,-0.220078633216197,-0.139715198644162
"WST",10,"kappa_0.3","app_sparse_hetero",7,"WST_heteroSparse",2.96291897812002,"BALANCED",201,11,21,0,0,0,9,1,FALSE,-0.407687743379747,0.190396335601956,-0.38103260361147,0.185871600567377,-0.371706110873921,0.198040059676022,-0.0266551397682768,-0.035981632505826,-0.00932649273754915
"WST",10,"kappa_0.3","app_sparse_hetero",7,"WST_heteroSparse",2.96291897812002,"BALANCED",202,12,21,0,1,1,6,1,FALSE,-1.78535255681785,0.319648394779653,-1.66539775043511,0.153378885348587,-1.8826029243858,0.0443266316968048,-0.119954806382744,0.097250367567951,0.217205173950695
"WST",10,"kappa_0.3","app_sparse_hetero",7,"WST_heteroSparse",2.96291897812002,"BALANCED",203,13,21,0,2,2,7,1,FALSE,-3.79652883861346,0.261326491295197,-3.54182101690094,0.297249961743949,-3.50219156213014,0.12120405588671,-0.254707821712524,-0.294337276483316,-0.0396294547707923
"WST",10,"kappa_0.3","app_sparse_hetero",7,"WST_heteroSparse",2.96291897812002,"BALANCED",204,14,21,0,0,0,1,1,TRUE,-0.764248650375036,0.219962279542484,-0.850207439489544,0.326042939313325,-0.982475391073294,0.309984557748408,0.0859587891145086,0.218226740698258,0.132267951583749
"WST",10,"kappa_0.3","app_sparse_hetero",7,"WST_heteroSparse",2.96291897812002,"BALANCED",205,15,21,0,0,0,5,1,FALSE,-0.194536270922266,0.0777089681748919,-0.154708820601074,0.110590583404943,-0.158032255049881,0.145788812156381,-0.0398274503211917,-0.0365040158723851,0.00332343444880667
"WST",10,"kappa_0.3","app_sparse_hetero",7,"WST_heteroSparse",2.96291897812002,"BALANCED",206,16,21,0,1,1,10,1,FALSE,-1.66357684506247,0.114250618174348,-1.56252411642176,0.420268377916522,-1.51162870480209,0.0513285822026005,-0.101052728640706,-0.151948140260375,-0.0508954116196687
"WST",10,"kappa_0.3","app_sparse_hetero",7,"WST_heteroSparse",2.96291897812002,"BALANCED",207,17,21,0,0,0,5,1,FALSE,-0.246844994734886,0.362101333805576,-0.180181767416887,0.0693193865898493,-0.181208695185939,0.395018025642132,-0.0666632273179992,-0.065636299548947,0.00102692776905222
"WST",10,"kappa_0.3","app_sparse_hetero",7,"WST_heteroSparse",2.96291897812002,"BALANCED",208,18,21,0,0,0,9,1,FALSE,-0.347745690453607,0.312132951485801,-0.324668578792781,-0.0358852701478103,-0.319510004715937,0.103581080624504,-0.0230771116608262,-0.0282356857376698,-0.00515857407684361
"WST",10,"kappa_0.3","app_sparse_hetero",7,"WST_heteroSparse",2.96291897812002,"BALANCED",209,19,21,0,0,0,8,1,FALSE,-0.473395613511151,0.123675109440489,-0.496851867460262,0.088279962085189,-0.499308974542856,0.168231326189532,0.023456253949111,0.025913361031705,0.00245710708259406
"WST",10,"kappa_0.3","app_sparse_hetero",7,"WST_heteroSparse",2.96291897812002,"BALANCED",210,20,21,2,0,2,1,1,TRUE,-3.80498464824847,0.23313442463597,-3.56299856670556,0.976090287406856,-3.31870631545931,0.200949609134314,-0.241986081542908,-0.486278332789165,-0.244292251246256
"WST",10,"kappa_0.3","app_sparse_hetero",7,"WST_heteroSparse",2.96291897812002,"BALANCED",211,1,22,0,0,0,2,7,FALSE,-0.266157332054561,0.37847055809242,-0.307614739429426,0.154071432064896,-0.274027846822855,0.174643318132156,0.0414574073748648,0.00787051476829337,-0.0335868926065714
"WST",10,"kappa_0.3","app_sparse_hetero",7,"WST_heteroSparse",2.96291897812002,"BALANCED",212,2,22,0,0,0,9,7,FALSE,-0.261136740317134,0.207544710538412,-0.249956890524409,0.104602747833263,-0.232894611010762,0.313966616614077,-0.0111798497927253,-0.0282421293063724,-0.017062279513647
"WST",10,"kappa_0.3","app_sparse_hetero",7,"WST_heteroSparse",2.96291897812002,"BALANCED",213,3,22,0,0,0,1,7,FALSE,-0.32749965912997,0.181385375002956,-0.375542449531945,0.299401208749534,-0.317388991817145,0.129550183438495,0.0480427904019756,-0.0101106673128246,-0.0581534577148002
"WST",10,"kappa_0.3","app_sparse_hetero",7,"WST_heteroSparse",2.96291897812002,"BALANCED",214,4,22,0,1,1,8,7,FALSE,-2.32472612888596,0.707436401917724,-2.1264984602687,0.781618156306212,-2.516782571588,0.636807259206029,-0.198227668617259,0.19205644270204,0.390284111319299
"WST",10,"kappa_0.3","app_sparse_hetero",7,"WST_heteroSparse",2.96291897812002,"BALANCED",215,5,22,0,0,0,7,7,TRUE,-0.294368706328294,0.67469169283244,-0.279316135422773,0.158165864158112,-0.235801794657699,0.415142345517202,-0.0150525709055209,-0.0585669116705949,-0.043514340765074
"WST",10,"kappa_0.3","app_sparse_hetero",7,"WST_heteroSparse",2.96291897812002,"BALANCED",216,6,22,1,0,1,4,7,FALSE,-1.6110895298568,0.507915541016675,-1.46431877307844,0.464293819822023,-1.59450356467401,0.725390403470487,-0.146770756778364,-0.0165859651827933,0.130184791595571
"WST",10,"kappa_0.3","app_sparse_hetero",7,"WST_heteroSparse",2.96291897812002,"BALANCED",217,7,22,0,0,0,6,7,FALSE,-0.233173274408502,0.252562590348453,-0.231754694177924,0.0772963610156882,-0.217149643577884,0.477721133963105,-0.0014185802305775,-0.0160236308306176,-0.0146050506000401
"WST",10,"kappa_0.3","app_sparse_hetero",7,"WST_heteroSparse",2.96291897812002,"BALANCED",218,8,22,0,0,0,9,7,FALSE,-0.168134069986041,0.065355997921689,-0.161523904135948,0.467852291733266,-0.147060535953192,0.432415820214036,-0.006610165850093,-0.0210735340328494,-0.0144633681827564
"WST",10,"kappa_0.3","app_sparse_hetero",7,"WST_heteroSparse",2.96291897812002,"BALANCED",219,9,22,0,0,0,3,7,FALSE,-0.254545574979109,0.153391274039119,-0.233742631848406,0.145415088284163,-0.310198520327201,-0.0405272988794383,-0.0208029431307031,0.0556529453480916,0.0764558884787947
"WST",10,"kappa_0.3","app_sparse_hetero",7,"WST_heteroSparse",2.96291897812002,"BALANCED",220,10,22,0,0,0,3,7,FALSE,-0.265330021814181,0.214799840914892,-0.242100862899755,0.254034875510713,-0.323449433954172,0.06525654492731,-0.0232291589144262,0.058119412139991,0.0813485710544173
"WST",10,"kappa_0.3","app_sparse_hetero",7,"WST_heteroSparse",2.96291897812002,"BALANCED",221,11,22,0,0,0,9,7,FALSE,-0.226094496386995,0.310327794404968,-0.21512021957349,0.176086219170696,-0.19453342792804,0.357234746988938,-0.0109742768135055,-0.0315610684589558,-0.0205867916454503
"WST",10,"kappa_0.3","app_sparse_hetero",7,"WST_heteroSparse",2.96291897812002,"BALANCED",222,12,22,0,0,0,6,7,FALSE,-0.209675875724902,0.128213774707134,-0.214539891263121,0.0574401307736917,-0.199143726781373,0.306058970209066,0.00486401553821914,-0.0105321489435291,-0.0153961644817482
"WST",10,"kappa_0.3","app_sparse_hetero",7,"WST_heteroSparse",2.96291897812002,"BALANCED",223,13,22,0,0,0,7,7,TRUE,-0.223015210350619,0.314300124186073,-0.2230045626547,0.314995631689125,-0.182521075219236,0.271282516049556,-1.06476959187418e-05,-0.0404941351313832,-0.0404834874354645
"WST",10,"kappa_0.3","app_sparse_hetero",7,"WST_heteroSparse",2.96291897812002,"BALANCED",224,14,22,0,1,1,1,7,FALSE,-3.3386111128842,0.477410750514558,-4.74405606536243,0.236670713555223,-3.5569189594172,0.195871929255401,1.40544495247823,0.218307846533,-1.18713710594523
"WST",10,"kappa_0.3","app_sparse_hetero",7,"WST_heteroSparse",2.96291897812002,"BALANCED",225,15,22,0,0,0,5,7,FALSE,-0.245462098901531,0.22739923984155,-0.285130113108727,-0.0812793515007556,-0.26400054751774,0.230632806743949,0.0396680142071961,0.0185384486162086,-0.0211295655909876
"WST",10,"kappa_0.3","app_sparse_hetero",7,"WST_heteroSparse",2.96291897812002,"BALANCED",226,16,22,0,1,1,10,7,FALSE,-2.23126949299087,0.14472300772134,-2.14761674287188,0.156522047375994,-2.13274317331804,0.514612237651412,-0.0836527501189908,-0.0985263196728265,-0.0148735695538358
"WST",10,"kappa_0.3","app_sparse_hetero",7,"WST_heteroSparse",2.96291897812002,"BALANCED",227,17,22,1,0,1,5,7,FALSE,-1.82877454492768,0.374837930064689,-1.62758279958853,0.481462397189471,-1.78653600612833,0.581917294186387,-0.201191745339146,-0.0422385387993529,0.158953206539793
"WST",10,"kappa_0.3","app_sparse_hetero",7,"WST_heteroSparse",2.96291897812002,"BALANCED",228,18,22,0,0,0,9,7,FALSE,-0.185817884749522,0.0171554250374603,-0.177788620429348,0.182974202578941,-0.168799178603074,0.416732555074954,-0.00802926432017337,-0.0170187061464473,-0.00898944182627393
"WST",10,"kappa_0.3","app_sparse_hetero",7,"WST_heteroSparse",2.96291897812002,"BALANCED",229,19,22,0,0,0,8,7,FALSE,-0.262036169669538,0.493797899367529,-0.253546188526907,0.154507396637055,-0.226746292921051,0.334298245608048,-0.00848998114263111,-0.0352898767484868,-0.0267998956058557
"WST",10,"kappa_0.3","app_sparse_hetero",7,"WST_heteroSparse",2.96291897812002,"BALANCED",230,20,22,0,0,0,1,7,FALSE,-0.392001931419232,0.133768229120781,-0.46049240130823,-0.078375286845663,-0.384003679716803,0.0540199902584851,0.0684904698889977,-0.00799825170242929,-0.076488721591427
"WST",10,"kappa_0.3","app_sparse_hetero",7,"WST_heteroSparse",2.96291897812002,"BALANCED",231,21,22,0,0,0,1,7,FALSE,-0.380983986763381,0.131863640373905,-0.443580741880207,0.32441056783561,-0.388069291266436,0.307931430202166,0.062596755116826,0.00708530450305478,-0.0555114506137713
"WST",10,"kappa_0.3","app_sparse_hetero",7,"WST_heteroSparse",2.96291897812002,"BALANCED",232,1,23,0,0,0,2,5,FALSE,-0.242203251702938,0.109012485115499,-0.217375298710173,-0.0324286221085628,-0.279737259248192,-0.0187290370547279,-0.0248279529927657,0.0375340075452533,0.062361960538019
"WST",10,"kappa_0.3","app_sparse_hetero",7,"WST_heteroSparse",2.96291897812002,"BALANCED",233,2,23,0,1,1,9,5,FALSE,-2.31343132537958,0.323951950703405,-2.12414268040345,0.302348441963489,-1.72045165587397,-0.0956978818075244,-0.18928864497613,-0.592979669505612,-0.403691024529482
"WST",10,"kappa_0.3","app_sparse_hetero",7,"WST_heteroSparse",2.96291897812002,"BALANCED",234,3,23,0,0,0,1,5,FALSE,-0.154612361569523,0.0682314452247295,-0.110371759609563,0.356919882255021,-0.193059711888256,-0.109760722085575,-0.0442406019599604,0.0384473503187328,0.0826879522786932
"WST",10,"kappa_0.3","app_sparse_hetero",7,"WST_heteroSparse",2.96291897812002,"BALANCED",235,4,23,0,0,0,8,5,FALSE,-0.266970576209233,0.207260040875058,-0.279180236297596,0.108257766005238,-0.293953991894587,-0.0345533071985359,0.012209660088363,0.0269834156853541,0.0147737555969911
"WST",10,"kappa_0.3","app_sparse_hetero",7,"WST_heteroSparse",2.96291897812002,"BALANCED",236,5,23,0,0,0,7,5,FALSE,-0.303758176220511,-0.0372959960301332,-0.316865677436255,0.36557858048456,-0.345794339297889,0.0582724957865433,0.0131075012157433,0.0420361630773778,0.0289286618616345
"WST",10,"kappa_0.3","app_sparse_hetero",7,"WST_heteroSparse",2.96291897812002,"BALANCED",237,6,23,0,0,0,4,5,FALSE,-0.212907721260944,0.407532385843645,-0.191421189891724,-0.0574010185780825,-0.197830790596091,0.0844521148602703,-0.0214865313692201,-0.0150769306648533,0.0064096007043668
"WST",10,"kappa_0.3","app_sparse_hetero",7,"WST_heteroSparse",2.96291897812002,"BALANCED",238,7,23,0,1,1,6,5,FALSE,-1.67056034737331,0.277211371435934,-1.62441874802507,0.202273838275891,-1.63359803153401,0.364733938963385,-0.0461415993482381,-0.0369623158392933,0.00917928350894481
"WST",10,"kappa_0.3","app_sparse_hetero",7,"WST_heteroSparse",2.96291897812002,"BALANCED",239,8,23,0,1,1,9,5,FALSE,-2.75025593150733,0.303850233936614,-2.57116342520178,0.365325557278894,-2.09830610681629,0.292825525329409,-0.179092506305558,-0.651949824691047,-0.472857318385489
"WST",10,"kappa_0.3","app_sparse_hetero",7,"WST_heteroSparse",2.96291897812002,"BALANCED",240,9,23,1,0,1,3,5,FALSE,-1.35982100899616,0.832122997259832,-1.35478444660464,0.573022209704907,-1.33527189142895,0.320387346540152,-0.00503656239151962,-0.0245491175672061,-0.0195125551756865
"WST",10,"kappa_0.3","app_sparse_hetero",7,"WST_heteroSparse",2.96291897812002,"BALANCED",241,10,23,0,0,0,3,5,FALSE,-0.544827367614035,0.155080665273204,-0.526423295612878,0.122859480052834,-0.520722562624497,0.210047218506385,-0.0184040720011565,-0.0241048049895376,-0.00570073298838114
"WST",10,"kappa_0.3","app_sparse_hetero",7,"WST_heteroSparse",2.96291897812002,"BALANCED",242,11,23,0,0,0,9,5,FALSE,-0.135871475349429,0.333963366962534,-0.15364323289745,0.0725933080508874,-0.226971471337178,0.15584322715718,0.0177717575480205,0.091099995987749,0.0733282384397285
"WST",10,"kappa_0.3","app_sparse_hetero",7,"WST_heteroSparse",2.96291897812002,"BALANCED",243,12,23,0,0,0,6,5,FALSE,-0.232562165991363,0.355831421554352,-0.248016439102406,0.19413836821719,-0.257035885353047,-0.0947677021673418,0.0154542731110432,0.0244737193616844,0.00901944625064122
"WST",10,"kappa_0.3","app_sparse_hetero",7,"WST_heteroSparse",2.96291897812002,"BALANCED",244,13,23,0,0,0,7,5,FALSE,-0.254398187755154,0.203102465294536,-0.27349696125647,0.0115019721175202,-0.283198477422745,0.0281752118007225,0.0190987735013159,0.0288002896675916,0.00970151616627568
"WST",10,"kappa_0.3","app_sparse_hetero",7,"WST_heteroSparse",2.96291897812002,"BALANCED",245,14,23,0,0,0,1,5,FALSE,-0.137240268007679,0.325624094043234,-0.111396062472056,0.400918313013598,-0.119330109091199,0.295909396705839,-0.0258442055356234,-0.0179101589164805,0.00793404661914288
"WST",10,"kappa_0.3","app_sparse_hetero",7,"WST_heteroSparse",2.96291897812002,"BALANCED",246,15,23,0,0,0,5,5,TRUE,-0.146539523487298,0.219677424378405,-0.13716091958501,0.238502964574222,-0.144791431762119,0.303843205447591,-0.00937860390228806,-0.00174809172517865,0.00763051217710942
"WST",10,"kappa_0.3","app_sparse_hetero",7,"WST_heteroSparse",2.96291897812002,"BALANCED",247,16,23,0,1,1,10,5,FALSE,-1.55640327401441,0.714582550645887,-1.5414040524296,-0.100424350476484,-1.78430831922699,-0.0513720824544893,-0.014999221584806,0.227905045212577,0.242904266797383
"WST",10,"kappa_0.3","app_sparse_hetero",7,"WST_heteroSparse",2.96291897812002,"BALANCED",248,17,23,0,0,0,5,5,TRUE,-0.177128590821299,0.263290193607784,-0.160141409236791,0.397284660082228,-0.160825884998008,0.240734375109177,-0.0169871815845077,-0.016302705823291,0.000684475761216774
"WST",10,"kappa_0.3","app_sparse_hetero",7,"WST_heteroSparse",2.96291897812002,"BALANCED",249,18,23,0,0,0,9,5,FALSE,-0.112177927823685,0.332332060350439,-0.12942414404537,0.0898282621534728,-0.195524693070452,0.0829392719990114,0.0172462162216851,0.0833467652467661,0.066100549025081
"WST",10,"kappa_0.3","app_sparse_hetero",7,"WST_heteroSparse",2.96291897812002,"BALANCED",250,19,23,0,2,2,8,5,FALSE,-4.35917879592018,0.758488481687152,-3.66766276905072,0.62201972530179,-3.62716867796286,0.202309278757103,-0.691516026869467,-0.73201011795732,-0.0404940910878535
"WST",10,"kappa_0.3","app_sparse_hetero",7,"WST_heteroSparse",2.96291897812002,"BALANCED",251,20,23,0,0,0,1,5,FALSE,-0.162439310241412,0.130716746131827,-0.122071519724017,0.363426147720545,-0.132373579776813,0.202132760286553,-0.0403677905173954,-0.0300657304645995,0.0103020600527959
"WST",10,"kappa_0.3","app_sparse_hetero",7,"WST_heteroSparse",2.96291897812002,"BALANCED",252,21,23,0,0,0,1,5,FALSE,-0.20129187401729,0.0987178732345384,-0.155543243304711,0.101381678761066,-0.148148457906086,0.546921206174851,-0.0457486307125787,-0.0531434161112037,-0.00739478539862493
"WST",10,"kappa_0.3","app_sparse_hetero",7,"WST_heteroSparse",2.96291897812002,"BALANCED",253,22,23,0,0,0,7,5,FALSE,-0.247890551103329,0.103080695038023,-0.2790672037875,-0.0998272791407141,-0.265839078480997,0.213323653251147,0.031176652684171,0.0179485273776683,-0.0132281253065027
"WST",10,"kappa_0.3","app_sparse_hetero",7,"WST_heteroSparse",2.96291897812002,"BALANCED",254,1,24,0,3,3,2,1,FALSE,-6.89366853234127,0.534137258770702,-6.42776713085468,0.397854681629517,-6.35444141101707,0.329811637328191,-0.465901401486589,-0.539227121324196,-0.0733257198376078
"WST",10,"kappa_0.3","app_sparse_hetero",7,"WST_heteroSparse",2.96291897812002,"BALANCED",255,2,24,0,0,0,9,1,FALSE,-0.595982474109523,0.188500122128017,-0.545600469858774,0.0484811422355502,-0.503337908075592,0.0178749294785273,-0.0503820042507481,-0.0926445660339308,-0.0422625617831827
"WST",10,"kappa_0.3","app_sparse_hetero",7,"WST_heteroSparse",2.96291897812002,"BALANCED",256,3,24,0,0,0,1,1,TRUE,-0.820815439196556,0.427326599432965,-0.92621568357199,0.216654802419122,-0.860613921229584,0.163182929954659,0.105400244375434,0.0397984820330279,-0.0656017623424061
"WST",10,"kappa_0.3","app_sparse_hetero",7,"WST_heteroSparse",2.96291897812002,"BALANCED",257,4,24,0,0,0,8,1,FALSE,-0.4410619057511,0.27417331888167,-0.418253891090736,0.238087519219584,-0.480985111245021,0.159191113165872,-0.022808014660364,0.0399232054939205,0.0627312201542845
"WST",10,"kappa_0.3","app_sparse_hetero",7,"WST_heteroSparse",2.96291897812002,"BALANCED",258,5,24,0,0,0,7,1,FALSE,-0.540597754324235,0.168624446081904,-0.536183446628094,-0.137171358243614,-0.564484651124529,0.346375042529047,-0.00441430769614115,0.0238868968002937,0.0283012044964348
"WST",10,"kappa_0.3","app_sparse_hetero",7,"WST_heteroSparse",2.96291897812002,"BALANCED",259,6,24,0,0,0,4,1,FALSE,-0.272542059993902,0.228952732749371,-0.201680229718002,0.374972593635713,-0.217894622797955,0.262960450022534,-0.0708618302759003,-0.0546474371959471,0.0162143930799532
"WST",10,"kappa_0.3","app_sparse_hetero",7,"WST_heteroSparse",2.96291897812002,"BALANCED",260,7,24,0,0,0,6,1,FALSE,-0.541943513674155,-0.0637724546489176,-0.590844390970371,0.276605911976218,-0.531066869593056,0.103605865203743,0.0489008772962167,-0.0108766440810983,-0.0597775213773151
"WST",10,"kappa_0.3","app_sparse_hetero",7,"WST_heteroSparse",2.96291897812002,"BALANCED",261,8,24,0,1,1,9,1,FALSE,-1.55284195205024,0.281593696710503,-1.55903303384787,0.0907551844545039,-1.64424273392859,-0.0317347846501176,0.00619108179762851,0.0914007818783524,0.0852097000807239
"WST",10,"kappa_0.3","app_sparse_hetero",7,"WST_heteroSparse",2.96291897812002,"BALANCED",262,9,24,0,0,0,3,1,FALSE,-0.327350948595921,0.428391818095325,-0.31980514591909,0.0941252217954041,-0.362458157078506,-0.0154164923259248,-0.00754580267683114,0.035107208482585,0.0426530111594161
"WST",10,"kappa_0.3","app_sparse_hetero",7,"WST_heteroSparse",2.96291897812002,"BALANCED",263,10,24,0,0,0,3,1,FALSE,-0.357214962981407,0.376664771832105,-0.35682371675841,0.46209901678209,-0.37872341547395,0.218792601143674,-0.000391246222997133,0.0215084524925429,0.02189969871554
"WST",10,"kappa_0.3","app_sparse_hetero",7,"WST_heteroSparse",2.96291897812002,"BALANCED",264,11,24,0,1,1,9,1,FALSE,-1.35305742629978,0.119564289811128,-1.36070149828458,0.229762070862258,-1.44351106524279,0.0241319654154965,0.00764407198479411,0.0904536389430053,0.0828095669582112
"WST",10,"kappa_0.3","app_sparse_hetero",7,"WST_heteroSparse",2.96291897812002,"BALANCED",265,12,24,0,0,0,6,1,FALSE,-0.423580371855751,0.195826062042174,-0.414896516879353,0.16599959109646,-0.418362790200122,0.0688883952959816,-0.00868385497639768,-0.00521758165562858,0.0034662733207691
"WST",10,"kappa_0.3","app_sparse_hetero",7,"WST_heteroSparse",2.96291897812002,"BALANCED",266,13,24,0,0,0,7,1,FALSE,-0.3893630861118,0.0392690901980591,-0.399290540581445,0.0428331590623489,-0.453937434441398,0.181290885593571,0.00992745446964527,0.0645743483295984,0.0546468938599531
"WST",10,"kappa_0.3","app_sparse_hetero",7,"WST_heteroSparse",2.96291897812002,"BALANCED",267,14,24,2,0,2,1,1,TRUE,-3.50728792066738,0.295388039155882,-3.31613256562895,0.487758725084271,-3.24818903367784,0.118464595324076,-0.19115535503843,-0.259098886989541,-0.0679435319511112
"WST",10,"kappa_0.3","app_sparse_hetero",7,"WST_heteroSparse",2.96291897812002,"BALANCED",268,15,24,0,0,0,5,1,FALSE,-0.176092748609912,-0.0058093960343961,-0.134103821225742,0.204223463426327,-0.164764436241473,0.560438536687904,-0.0419889273841703,-0.0113283123684393,0.0306606150157309
"WST",10,"kappa_0.3","app_sparse_hetero",7,"WST_heteroSparse",2.96291897812002,"BALANCED",269,16,24,0,0,0,10,1,FALSE,-0.342822305774945,0.159942699454335,-0.379951197126116,0.154856787872501,-0.444410239237048,0.143996195807256,0.0371288913511707,0.101587933462103,0.0644590421109328
"WST",10,"kappa_0.3","app_sparse_hetero",7,"WST_heteroSparse",2.96291897812002,"BALANCED",270,17,24,0,0,0,5,1,FALSE,-0.224030619374659,0.0236508367689335,-0.153575491988772,0.238971271657096,-0.183261989876138,0.388554906416671,-0.0704551273858876,-0.0407686294985208,0.0296864978873668
"WST",10,"kappa_0.3","app_sparse_hetero",7,"WST_heteroSparse",2.96291897812002,"BALANCED",271,18,24,0,2,2,9,1,FALSE,-3.35575530549336,0.205492831329404,-3.4132112017352,0.0983657777460954,-3.55436702057926,0.297486283758157,0.0574558962418381,0.198611715085901,0.141155818844063
"WST",10,"kappa_0.3","app_sparse_hetero",7,"WST_heteroSparse",2.96291897812002,"BALANCED",272,19,24,0,1,1,8,1,FALSE,-1.44433073403063,0.480035186561885,-1.28335035607243,0.314156187209808,-1.36529012153136,0.0225268875356124,-0.160980377958199,-0.0790406124992735,0.0819397654589258
"WST",10,"kappa_0.3","app_sparse_hetero",7,"WST_heteroSparse",2.96291897812002,"BALANCED",273,20,24,0,0,0,1,1,TRUE,-1.02547663650498,0.489135265059847,-1.14650975737311,0.293260998013814,-1.2070431279973,0.296326593166844,0.121033120868129,0.181566491492319,0.0605333706241904
"WST",10,"kappa_0.3","app_sparse_hetero",7,"WST_heteroSparse",2.96291897812002,"BALANCED",274,21,24,1,1,2,1,1,TRUE,-3.51230229768655,0.694400278701993,-3.52538939276675,0.0963096517447509,-2.76462025247452,1.19101492922917,0.0130870950801985,-0.747682045212028,-0.760769140292227
"WST",10,"kappa_0.3","app_sparse_hetero",7,"WST_heteroSparse",2.96291897812002,"BALANCED",275,22,24,1,0,1,7,1,FALSE,-3.35754663090929,0.239113106630036,-4.60948078305432,0.0172548165048528,-3.41392311198202,0.289003872616109,1.25193415214503,0.0563764810727294,-1.1955576710723
"WST",10,"kappa_0.3","app_sparse_hetero",7,"WST_heteroSparse",2.96291897812002,"BALANCED",276,23,24,0,0,0,5,1,FALSE,-0.183092522011184,0.0200196879142169,-0.138086543975875,0.348576673576531,-0.149587769450806,0.259173944043376,-0.0450059780353085,-0.0335047525603782,0.0115012254749303
"WST",10,"kappa_0.3","app_sparse_hetero",7,"WST_heteroSparse",2.96291897812002,"BALANCED",277,1,25,0,0,0,2,10,FALSE,-0.191656220477615,0.272889983529752,-0.205675367508315,0.271581338657106,-0.212398915457368,-0.0212926968962557,0.0140191470306998,0.0207426949797531,0.00672354794905328
"WST",10,"kappa_0.3","app_sparse_hetero",7,"WST_heteroSparse",2.96291897812002,"BALANCED",278,2,25,0,0,0,9,10,FALSE,-0.161852986208213,0.0061970245911856,-0.167952201411803,0.164489827196443,-0.208385584294436,0.0795583608693603,0.00609921520358991,0.0465325980862223,0.0404333828826324
"WST",10,"kappa_0.3","app_sparse_hetero",7,"WST_heteroSparse",2.96291897812002,"BALANCED",279,3,25,0,0,0,1,10,FALSE,-0.190824207778464,-0.0959897966768892,-0.194427246820536,0.0523403991115332,-0.231224024531283,0.180944499158184,0.00360303904207182,0.040399816752819,0.0367967777107472
"WST",10,"kappa_0.3","app_sparse_hetero",7,"WST_heteroSparse",2.96291897812002,"BALANCED",280,4,25,0,0,0,8,10,FALSE,-0.124758074262017,0.196792965760707,-0.10093566826442,0.139956009011962,-0.156122275217368,0.244379822299295,-0.0238224059975973,0.031364200955351,0.0551866069529483
"WST",10,"kappa_0.3","app_sparse_hetero",7,"WST_heteroSparse",2.96291897812002,"BALANCED",281,5,25,1,0,1,7,10,FALSE,-2.66526189447633,0.770150329085216,-3.21814725186905,0.591641530168619,-2.69361271423051,0.904872129143965,0.55288535739272,0.0283508197541842,-0.524534537638536
"WST",10,"kappa_0.3","app_sparse_hetero",7,"WST_heteroSparse",2.96291897812002,"BALANCED",282,6,25,0,0,0,4,10,FALSE,-0.337197998859445,0.159999107485733,-0.323039016622635,0.0273540368078986,-0.283628940230097,0.0351531108628865,-0.0141589822368093,-0.053569058629348,-0.0394100763925387
"WST",10,"kappa_0.3","app_sparse_hetero",7,"WST_heteroSparse",2.96291897812002,"BALANCED",283,7,25,0,0,0,6,10,FALSE,-0.152803383758668,0.181406083989243,-0.15176762797573,0.0432807287015712,-0.152418073779564,0.264332672839855,-0.00103575578293746,-0.000385309979104242,0.000650445803833222
"WST",10,"kappa_0.3","app_sparse_hetero",7,"WST_heteroSparse",2.96291897812002,"BALANCED",284,8,25,0,0,0,9,10,FALSE,-0.10107068142876,0.191099642732933,-0.108173123593249,0.308413894021339,-0.134659702431379,0.3157297278611,0.00710244216448963,0.0335890210026193,0.0264865788381297
"WST",10,"kappa_0.3","app_sparse_hetero",7,"WST_heteroSparse",2.96291897812002,"BALANCED",285,9,25,0,0,0,3,10,FALSE,-0.323441883220889,0.162081090244262,-0.326364325557126,0.154563357715969,-0.250205843912473,0.0542469366468695,0.00292244233623684,-0.0732360393084157,-0.0761584816446526
"WST",10,"kappa_0.3","app_sparse_hetero",7,"WST_heteroSparse",2.96291897812002,"BALANCED",286,10,25,0,0,0,3,10,FALSE,-0.340442998354727,0.148914041882713,-0.343827520185916,0.106018764818976,-0.261782098420998,0.266734614182451,0.00338452183118854,-0.0786608999337295,-0.082045421764918
"WST",10,"kappa_0.3","app_sparse_hetero",7,"WST_heteroSparse",2.96291897812002,"BALANCED",287,11,25,0,0,0,9,10,FALSE,-0.135145818450884,0.127673970056199,-0.145728591363565,0.141119630513768,-0.176473268624878,0.132369554548409,0.0105827729126817,0.0413274501739949,0.0307446772613131
"WST",10,"kappa_0.3","app_sparse_hetero",7,"WST_heteroSparse",2.96291897812002,"BALANCED",288,12,25,0,0,0,6,10,FALSE,-0.138477184392355,0.163011789875388,-0.118632154003081,0.043755016938746,-0.141155623664281,0.21240390113472,-0.0198450303892734,0.00267843927192679,0.0225234696612002
"WST",10,"kappa_0.3","app_sparse_hetero",7,"WST_heteroSparse",2.96291897812002,"BALANCED",289,13,25,0,0,0,7,10,FALSE,-0.108810226519104,0.217215936983234,-0.0902869547591285,0.233681443007515,-0.135648672394104,0.115244736222269,-0.0185232717599755,0.0268384458749997,0.0453617176349752
"WST",10,"kappa_0.3","app_sparse_hetero",7,"WST_heteroSparse",2.96291897812002,"BALANCED",290,14,25,0,0,0,1,10,FALSE,-0.209667707992858,0.285669543612158,-0.215261453897399,0.19832043427506,-0.257580880420027,0.137286000213997,0.00559374590454098,0.0479131724271689,0.0423194265226279
"WST",10,"kappa_0.3","app_sparse_hetero",7,"WST_heteroSparse",2.96291897812002,"BALANCED",291,15,25,0,0,0,5,10,FALSE,-0.225500419397937,-0.0199227969929635,-0.216477141029354,0.0383735800768855,-0.189855257729951,-0.127618531313753,-0.0090232783685833,-0.0356451616679863,-0.026621883299403
"WST",10,"kappa_0.3","app_sparse_hetero",7,"WST_heteroSparse",2.96291897812002,"BALANCED",292,16,25,0,0,0,10,10,TRUE,-0.125569322902663,0.00301940262630142,-0.121046500235155,0.323617376234894,-0.178309779298948,0.124089914001627,-0.00452282266750803,0.0527404563962843,0.0572632790637924
"WST",10,"kappa_0.3","app_sparse_hetero",7,"WST_heteroSparse",2.96291897812002,"BALANCED",293,17,25,1,0,1,5,10,FALSE,-1.83217020036337,0.338084179752792,-1.84761519873352,0.341107905949634,-1.91747863121557,0.294276341836166,0.0154449983701506,0.0853084308521952,0.0698634324820446
"WST",10,"kappa_0.3","app_sparse_hetero",7,"WST_heteroSparse",2.96291897812002,"BALANCED",294,18,25,0,0,0,9,10,FALSE,-0.116525354460327,0.169238050970021,-0.117999442098315,0.260542303319847,-0.151766262829239,0.0888589560219931,0.00147408763798751,0.0352409083689116,0.0337668207309241
"WST",10,"kappa_0.3","app_sparse_hetero",7,"WST_heteroSparse",2.96291897812002,"BALANCED",295,19,25,0,0,0,8,10,FALSE,-0.1634240151049,0.185979486359913,-0.1484875084463,0.137096938304213,-0.166640265004919,0.0748052170429356,-0.0149365066585991,0.00321624990001901,0.0181527565586181
"WST",10,"kappa_0.3","app_sparse_hetero",7,"WST_heteroSparse",2.96291897812002,"BALANCED",296,20,25,1,0,1,1,10,FALSE,-2.05571409390079,0.412759959291125,-1.90638185731796,0.240572513397872,-1.79806228156631,0.179612132185208,-0.149332236582827,-0.257651812334472,-0.108319575751644
"WST",10,"kappa_0.3","app_sparse_hetero",7,"WST_heteroSparse",2.96291897812002,"BALANCED",297,21,25,2,0,2,1,10,FALSE,-4.50747719300571,0.49649690360212,-4.32254435693996,0.312155736154881,-4.09798140801037,0.0435162615193837,-0.184932836065757,-0.40949578499534,-0.224562948929584
"WST",10,"kappa_0.3","app_sparse_hetero",7,"WST_heteroSparse",2.96291897812002,"BALANCED",298,22,25,0,0,0,7,10,FALSE,-0.123641153428807,0.148345609319676,-0.133159619240917,0.270167183475312,-0.131711640818415,0.358687719047141,0.00951846581211058,0.00807048738960869,-0.00144797842250188
"WST",10,"kappa_0.3","app_sparse_hetero",7,"WST_heteroSparse",2.96291897812002,"BALANCED",299,23,25,0,0,0,5,10,FALSE,-0.221755211269425,0.0826745888083307,-0.214364561106472,0.0558685234810305,-0.193605203829341,-0.161961837160901,-0.00739065016295282,-0.0281500074400842,-0.0207593572771314
"WST",10,"kappa_0.3","app_sparse_hetero",7,"WST_heteroSparse",2.96291897812002,"BALANCED",300,24,25,0,0,0,1,10,FALSE,-0.250542824703351,0.213308038640535,-0.266172377728749,0.306111774643392,-0.320233755792334,0.155767189117523,0.0156295530253976,0.0696909310889833,0.0540613780635857
"WST",10,"kappa_0.3","app_sparse_hetero",7,"WST_heteroSparse",2.96291897812002,"BALANCED",301,1,26,0,0,0,2,2,TRUE,-0.271550391995928,0.0308799790340636,-0.243390223003555,0.173659969849733,-0.242769513902577,0.0874136348501214,-0.0281601689923727,-0.0287808780933512,-0.000620709100978445
"WST",10,"kappa_0.3","app_sparse_hetero",7,"WST_heteroSparse",2.96291897812002,"BALANCED",302,2,26,0,0,0,9,2,FALSE,-0.429163581260322,0.249766544243184,-0.407026373561602,0.066987138193694,-0.48812377436944,0.212464416677832,-0.0221372076987194,0.0589601931091188,0.0810974008078382
"WST",10,"kappa_0.3","app_sparse_hetero",7,"WST_heteroSparse",2.96291897812002,"BALANCED",303,3,26,0,0,0,1,2,FALSE,-0.307001882474024,0.105027360599972,-0.270339636859396,0.226900952989866,-0.269634437481181,-0.135819469951095,-0.0366622456146279,-0.0373674449928432,-0.000705199378215227
"WST",10,"kappa_0.3","app_sparse_hetero",7,"WST_heteroSparse",2.96291897812002,"BALANCED",304,4,26,0,1,1,8,2,FALSE,-1.59402241196,0.331674856769627,-1.3883460535482,0.342132855504737,-1.43177198710325,0.354900266870739,-0.205676358411804,-0.162250424856752,0.043425933555052
"WST",10,"kappa_0.3","app_sparse_hetero",7,"WST_heteroSparse",2.96291897812002,"BALANCED",305,5,26,0,0,0,7,2,FALSE,-0.420780127373121,0.108543908600823,-0.469130434709035,-0.125128489492739,-0.453186923039021,0.147686065538916,0.0483503073359142,0.0324067956659002,-0.015943511670014
"WST",10,"kappa_0.3","app_sparse_hetero",7,"WST_heteroSparse",2.96291897812002,"BALANCED",306,6,26,0,2,2,4,2,FALSE,-2.55070747885437,0.134984371079965,-2.23957666458244,0.306904816536978,-2.21474198446777,0.286626784123168,-0.311130814271923,-0.335965494386592,-0.0248346801146688
"WST",10,"kappa_0.3","app_sparse_hetero",7,"WST_heteroSparse",2.96291897812002,"BALANCED",307,7,26,0,0,0,6,2,FALSE,-0.357491351981331,0.0141897326262014,-0.307700967062123,0.252555165161665,-0.418796126176988,0.0152982577134875,-0.0497903849192074,0.0613047741956576,0.111095159114865
"WST",10,"kappa_0.3","app_sparse_hetero",7,"WST_heteroSparse",2.96291897812002,"BALANCED",308,8,26,0,0,0,9,2,FALSE,-0.269760208798479,0.280014371063421,-0.258332937628593,0.224369974889203,-0.303239072181395,0.170398004562982,-0.011427271169886,0.0334788633829159,0.0449061345528019
"WST",10,"kappa_0.3","app_sparse_hetero",7,"WST_heteroSparse",2.96291897812002,"BALANCED",309,9,26,0,0,0,3,2,FALSE,-0.28480848737822,0.248182375096339,-0.283314725366997,0.17385116870897,-0.262712077927527,0.0262086461587271,-0.00149376201122386,-0.0220964094506932,-0.0206026474394694
"WST",10,"kappa_0.3","app_sparse_hetero",7,"WST_heteroSparse",2.96291897812002,"BALANCED",310,10,26,0,1,1,3,2,FALSE,-2.16740486769579,0.185609756064487,-2.25423722558636,0.146874773387814,-2.34603438699254,-0.090257064108945,0.0868323578905779,0.178629519296757,0.0917971614061788
"WST",10,"kappa_0.3","app_sparse_hetero",7,"WST_heteroSparse",2.96291897812002,"BALANCED",311,11,26,0,0,0,9,2,FALSE,-0.351850760087582,-0.10539681997547,-0.343848686045893,0.0396671274113874,-0.407086448503096,0.332821548031583,-0.00800207404168862,0.0552356884155145,0.0632377624572031
"WST",10,"kappa_0.3","app_sparse_hetero",7,"WST_heteroSparse",2.96291897812002,"BALANCED",312,12,26,0,0,0,6,2,FALSE,-0.392315272114592,-0.0120863409185994,-0.419888907020411,0.274114197482691,-0.403312282334229,0.128615680835816,0.0275736349058189,0.0109970102196364,-0.0165766246861825
"WST",10,"kappa_0.3","app_sparse_hetero",7,"WST_heteroSparse",2.96291897812002,"BALANCED",313,13,26,0,0,0,7,2,FALSE,-0.359471336700335,-0.0276414328702725,-0.417473112678693,0.393886144104348,-0.372602604338851,0.197472960361653,0.058001775978358,0.0131312676385154,-0.0448705083398426
"WST",10,"kappa_0.3","app_sparse_hetero",7,"WST_heteroSparse",2.96291897812002,"BALANCED",314,14,26,0,0,0,1,2,FALSE,-0.364567585822059,0.151079735658304,-0.305028707927966,0.0800091544837602,-0.326898311305386,0.129983242545755,-0.0595388778940924,-0.0376692745166727,0.0218696033774197
"WST",10,"kappa_0.3","app_sparse_hetero",7,"WST_heteroSparse",2.96291897812002,"BALANCED",315,15,26,0,0,0,5,2,FALSE,-0.519297019751637,0.204400098904991,-0.561016576838555,0.137218203664233,-0.557889296672777,0.315389005190571,0.0417195570869184,0.0385922769211406,-0.00312728016577779
"WST",10,"kappa_0.3","app_sparse_hetero",7,"WST_heteroSparse",2.96291897812002,"BALANCED",316,16,26,0,0,0,10,2,FALSE,-0.505943051357495,0.17467264073654,-0.573349419428268,-0.0236397348180469,-0.431954318148851,0.25308746408707,0.0674063680707739,-0.0739887332086431,-0.141395101279417
"WST",10,"kappa_0.3","app_sparse_hetero",7,"WST_heteroSparse",2.96291897812002,"BALANCED",317,17,26,0,1,1,5,2,FALSE,-1.32411673683836,0.147318142222912,-1.214588711485,0.278776547666829,-1.20259161939191,0.208760372921334,-0.109528025353357,-0.121525117446446,-0.0119970920930896
"WST",10,"kappa_0.3","app_sparse_hetero",7,"WST_heteroSparse",2.96291897812002,"BALANCED",318,18,26,0,0,0,9,2,FALSE,-0.299001913521992,-0.133939198992517,-0.289830637828481,0.218578194810084,-0.348837315061326,-0.123550818241595,-0.00917127569351095,0.0498354015393341,0.059006677232845
"WST",10,"kappa_0.3","app_sparse_hetero",7,"WST_heteroSparse",2.96291897812002,"BALANCED",319,19,26,0,1,1,8,2,FALSE,-1.50727541923149,0.400355952897293,-1.46739914272917,0.105630334881361,-1.3816181045001,0.10657858102582,-0.0398762765023184,-0.125657314731384,-0.085781038229066
"WST",10,"kappa_0.3","app_sparse_hetero",7,"WST_heteroSparse",2.96291897812002,"BALANCED",320,20,26,0,0,0,1,2,FALSE,-0.370937032692229,0.168943062276582,-0.329617718854797,0.22252300559846,-0.355883663470934,0.0407392167117678,-0.0413193138374321,-0.0150533692212953,0.0262659446161368
"WST",10,"kappa_0.3","app_sparse_hetero",7,"WST_heteroSparse",2.96291897812002,"BALANCED",321,21,26,1,0,1,1,2,FALSE,-1.97499702685278,0.69540230425431,-1.78383362270152,0.441502563684662,-1.62830639185375,0.14615005893752,-0.191163404151267,-0.346690634999029,-0.155527230847762
"WST",10,"kappa_0.3","app_sparse_hetero",7,"WST_heteroSparse",2.96291897812002,"BALANCED",322,22,26,0,0,0,7,2,FALSE,-0.283110284419243,-0.173063083531817,-0.269985242664137,0.108610471099689,-0.348236916993364,-0.097080307824805,-0.0131250417551065,0.0651266325741204,0.078251674329227
"WST",10,"kappa_0.3","app_sparse_hetero",7,"WST_heteroSparse",2.96291897812002,"BALANCED",323,23,26,0,0,0,5,2,FALSE,-0.514951161578869,0.0787872477501095,-0.558859592020543,0.180410642639188,-0.564500116616295,0.048997133401241,0.0439084304416735,0.0495489550374257,0.00564052459575226
"WST",10,"kappa_0.3","app_sparse_hetero",7,"WST_heteroSparse",2.96291897812002,"BALANCED",324,24,26,1,0,1,1,2,FALSE,-1.65092023282643,0.509569167661531,-1.5496770142857,0.192727223681998,-1.4961263754126,0.1881270665455,-0.101243218540727,-0.154793857413829,-0.0535506388731024
"WST",10,"kappa_0.3","app_sparse_hetero",7,"WST_heteroSparse",2.96291897812002,"BALANCED",325,25,26,0,1,1,10,2,FALSE,-1.68095952584396,0.211445255050991,-1.58361550624829,0.149057561923379,-1.70302269626751,0.303607189182434,-0.0973440195956714,0.0220631704235448,0.119407190019216
"WST",10,"kappa_0.3","app_sparse_hetero",7,"WST_heteroSparse",2.96291897812002,"BALANCED",326,1,27,0,0,0,2,2,TRUE,-0.186119194586546,0.181923799726536,-0.163571897529869,0.534887971704274,-0.167531309595411,0.353072717491516,-0.0225472970566765,-0.0185878849911347,0.00395941206554173
"WST",10,"kappa_0.3","app_sparse_hetero",7,"WST_heteroSparse",2.96291897812002,"BALANCED",327,2,27,0,1,1,9,2,FALSE,-1.80045791460725,0.344448088635917,-1.71880579777405,0.0563058104664395,-1.57450206324153,0.25105984781038,-0.0816521168331956,-0.225955851365712,-0.144303734532516
"WST",10,"kappa_0.3","app_sparse_hetero",7,"WST_heteroSparse",2.96291897812002,"BALANCED",328,3,27,0,0,0,1,2,FALSE,-0.207004591321519,0.0997913451632527,-0.183331279375424,0.0878371473109539,-0.184614961837887,0.139295067844303,-0.0236733119460952,-0.0223896294836319,0.00128368246246335
"WST",10,"kappa_0.3","app_sparse_hetero",7,"WST_heteroSparse",2.96291897812002,"BALANCED",329,4,27,0,0,0,8,2,FALSE,-0.276943133727865,0.0184206819295417,-0.325460900938892,0.0598958940491208,-0.281301498872526,0.0723579321592869,0.0485177672110266,0.00435836514466015,-0.0441594020663665
"WST",10,"kappa_0.3","app_sparse_hetero",7,"WST_heteroSparse",2.96291897812002,"BALANCED",330,5,27,0,0,0,7,2,FALSE,-0.293086098022775,-0.00258396864230814,-0.314417875366879,-0.014623048517999,-0.307144567038606,0.0359148475662373,0.0213317773441037,0.014058469015831,-0.00727330832827278
"WST",10,"kappa_0.3","app_sparse_hetero",7,"WST_heteroSparse",2.96291897812002,"BALANCED",331,6,27,0,0,0,4,2,FALSE,-0.513899891967043,0.172707535236469,-0.557968692790587,0.271870227866477,-0.55507079953759,0.358034212016616,0.0440688008235446,0.0411709075705469,-0.00289789325299772
"WST",10,"kappa_0.3","app_sparse_hetero",7,"WST_heteroSparse",2.96291897812002,"BALANCED",332,7,27,0,1,1,6,2,FALSE,-1.95799499648834,0.203442476159862,-1.99027871514918,0.267053697416071,-1.72327142043785,0.263826854678922,0.0322837186608353,-0.234723576050496,-0.267007294711331
"WST",10,"kappa_0.3","app_sparse_hetero",7,"WST_heteroSparse",2.96291897812002,"BALANCED",333,8,27,0,0,0,9,2,FALSE,-0.18849384430901,-0.0929988546697719,-0.174982861240911,0.155155492648753,-0.206051971445981,0.287241442860379,-0.0135109830680999,0.0175581271369705,0.0310691102050704
"WST",10,"kappa_0.3","app_sparse_hetero",7,"WST_heteroSparse",2.96291897812002,"BALANCED",334,9,27,0,1,1,3,2,FALSE,-2.51599793196777,0.327082338661506,-2.60539892587312,0.263134401596851,-2.69912391977965,-0.00807314451646839,0.0894009939053504,0.183125987811876,0.0937249939065259
"WST",10,"kappa_0.3","app_sparse_hetero",7,"WST_heteroSparse",2.96291897812002,"BALANCED",335,10,27,0,0,0,3,2,FALSE,-0.195589996990159,0.351793882976025,-0.190456094000334,0.524875418829435,-0.185827931943424,0.165130639528377,-0.00513390298982497,-0.00976206504673538,-0.00462816205691041
"WST",10,"kappa_0.3","app_sparse_hetero",7,"WST_heteroSparse",2.96291897812002,"BALANCED",336,11,27,0,0,0,9,2,FALSE,-0.246480477152338,0.102444022278326,-0.232499450526108,0.157348125601398,-0.275327968283332,0.334172506304068,-0.0139810266262304,0.0288474911309935,0.0428285177572238
"WST",10,"kappa_0.3","app_sparse_hetero",7,"WST_heteroSparse",2.96291897812002,"BALANCED",337,12,27,0,0,0,6,2,FALSE,-0.268860302537386,0.177615395281943,-0.2838273167484,-0.00752712348564398,-0.273985490566111,0.261058143819622,0.0149670142110132,0.00512518802872464,-0.00984182618228857
"WST",10,"kappa_0.3","app_sparse_hetero",7,"WST_heteroSparse",2.96291897812002,"BALANCED",338,13,27,0,0,0,7,2,FALSE,-0.24801322638321,0.109556584419499,-0.280704610591151,0.299804322410889,-0.251779054420707,0.039601136681343,0.0326913842079408,0.00376582803749681,-0.028925556170444
"WST",10,"kappa_0.3","app_sparse_hetero",7,"WST_heteroSparse",2.96291897812002,"BALANCED",339,14,27,0,0,0,1,2,FALSE,-0.249017457859388,0.34269205297137,-0.205742443700436,0.217762458761112,-0.229360952363999,0.396820724333701,-0.0432750141589517,-0.019656505495389,0.0236185086635627
"WST",10,"kappa_0.3","app_sparse_hetero",7,"WST_heteroSparse",2.96291897812002,"BALANCED",340,15,27,0,1,1,5,2,FALSE,-1.65136187039207,0.236759325433304,-1.52166837098118,0.302953229224614,-1.52230661174995,0.276487414928063,-0.129693499410889,-0.129055258642123,0.000638240768766174
"WST",10,"kappa_0.3","app_sparse_hetero",7,"WST_heteroSparse",2.96291897812002,"BALANCED",341,16,27,0,0,0,10,2,FALSE,-0.351654531378451,0.0166924169345561,-0.390042922537255,0.265284021853828,-0.291188592513674,0.216727490500252,0.0383883911588034,-0.0604659388647777,-0.0988543300235811
"WST",10,"kappa_0.3","app_sparse_hetero",7,"WST_heteroSparse",2.96291897812002,"BALANCED",342,17,27,1,0,1,5,2,FALSE,-4.33430387168296,0.51801003311812,-4.14579137521575,0.249651112715833,-4.32790880779587,0.119097235968311,-0.188512496467212,-0.00639506388709865,0.182117432580114
"WST",10,"kappa_0.3","app_sparse_hetero",7,"WST_heteroSparse",2.96291897812002,"BALANCED",343,18,27,0,0,0,9,2,FALSE,-0.213334135082904,0.243448785477622,-0.194627890109976,0.109561502414027,-0.235718361712075,0.325193433190572,-0.0187062449729281,0.0223842266291712,0.0410904716020992
"WST",10,"kappa_0.3","app_sparse_hetero",7,"WST_heteroSparse",2.96291897812002,"BALANCED",344,19,27,0,0,0,8,2,FALSE,-0.30588893606388,0.0815834000883739,-0.288267987143002,0.0203685893951441,-0.310642659565289,0.164027847988225,-0.0176209489208778,0.00475372350140901,0.0223746724222869
"WST",10,"kappa_0.3","app_sparse_hetero",7,"WST_heteroSparse",2.96291897812002,"BALANCED",345,20,27,0,0,0,1,2,FALSE,-0.253155666868811,0.12278957875039,-0.223654317791476,0.302026857070408,-0.24788195769132,0.414249057068601,-0.0295013490773357,-0.00527370917749082,0.0242276398998449
"WST",10,"kappa_0.3","app_sparse_hetero",7,"WST_heteroSparse",2.96291897812002,"BALANCED",346,21,27,0,0,0,1,2,FALSE,-0.241297583430929,0.443125325316615,-0.214621531611202,0.0324871435673891,-0.247128683148414,0.425108579306166,-0.0266760518197264,0.00583109971748552,0.032507151537212
"WST",10,"kappa_0.3","app_sparse_hetero",7,"WST_heteroSparse",2.96291897812002,"BALANCED",347,22,27,0,0,0,7,2,FALSE,-0.196215036040698,0.126634140798141,-0.183566289148393,0.0903173068516069,-0.234098233463407,-0.126721790404634,-0.0126487468923049,0.0378831974227092,0.0505319443150141
"WST",10,"kappa_0.3","app_sparse_hetero",7,"WST_heteroSparse",2.96291897812002,"BALANCED",348,23,27,0,1,1,5,2,FALSE,-1.64953643112974,0.303947374380063,-1.52869285933944,0.201835942513677,-1.52202324100963,0.512189857693652,-0.120843571790298,-0.127513190120108,-0.00666961832981006
"WST",10,"kappa_0.3","app_sparse_hetero",7,"WST_heteroSparse",2.96291897812002,"BALANCED",349,24,27,1,0,1,1,2,FALSE,-1.93571725907021,0.276332751270496,-1.86358701689671,0.384057854081944,-1.78424131910926,-0.0203801343769468,-0.0721302421735075,-0.15147593996095,-0.0793456977874429
"WST",10,"kappa_0.3","app_sparse_hetero",7,"WST_heteroSparse",2.96291897812002,"BALANCED",350,25,27,0,0,0,10,2,FALSE,-0.219542606497549,0.290103279797979,-0.238770824454758,0.0226468610381054,-0.190050389752835,0.186649240451561,0.0192282179572087,-0.029492216744714,-0.0487204347019228
"WST",10,"kappa_0.3","app_sparse_hetero",7,"WST_heteroSparse",2.96291897812002,"BALANCED",351,26,27,0,0,0,2,2,TRUE,-0.267220296717394,0.261149534823159,-0.24901498304776,0.479945026990376,-0.20030510210309,0.0346496139038523,-0.0182053136696343,-0.0669151946143041,-0.0487098809446698
"WST",10,"kappa_0.3","app_sparse_hetero",7,"WST_heteroSparse",2.96291897812002,"BALANCED",352,1,28,0,0,0,2,6,FALSE,-0.303492210166185,0.144357022191452,-0.326290841307099,-0.035279391208526,-0.29679980216948,0.0285925550363671,0.0227986311409136,-0.00669240799670501,-0.0294910391376186
"WST",10,"kappa_0.3","app_sparse_hetero",7,"WST_heteroSparse",2.96291897812002,"BALANCED",353,2,28,0,0,0,9,6,FALSE,-0.230770561784325,0.242575044400837,-0.240314920616575,0.158392628168794,-0.228699840374011,0.11229629856476,0.00954435883225013,-0.0020707214103135,-0.0116150802425636
"WST",10,"kappa_0.3","app_sparse_hetero",7,"WST_heteroSparse",2.96291897812002,"BALANCED",354,3,28,1,0,1,1,6,FALSE,-1.65299367439712,0.416259258732185,-1.52336695684812,0.465310730664943,-1.65300592744177,0.257407445603122,-0.129626717549,1.22530446491353e-05,0.129638970593649
"WST",10,"kappa_0.3","app_sparse_hetero",7,"WST_heteroSparse",2.96291897812002,"BALANCED",355,4,28,0,0,0,8,6,FALSE,-0.239255370459784,0.112867599455005,-0.255680170156002,0.0978235871156805,-0.209645981083304,0.0965921663661175,0.0164247996962184,-0.0296093893764793,-0.0460341890726976
"WST",10,"kappa_0.3","app_sparse_hetero",7,"WST_heteroSparse",2.96291897812002,"BALANCED",356,5,28,0,0,0,7,6,FALSE,-0.275745074806152,0.467594700100608,-0.287199765896637,0.251682305186587,-0.246269164225374,0.0866455339316538,0.0114546910904849,-0.0294759105807785,-0.0409306016712634
"WST",10,"kappa_0.3","app_sparse_hetero",7,"WST_heteroSparse",2.96291897812002,"BALANCED",357,6,28,1,0,1,4,6,FALSE,-1.46106021365958,0.346497493845827,-1.40563485651093,0.455369135951955,-1.44903679572695,0.473021745164163,-0.0554253571486525,-0.0120234179326335,0.043401939216019
"WST",10,"kappa_0.3","app_sparse_hetero",7,"WST_heteroSparse",2.96291897812002,"BALANCED",358,7,28,0,1,1,6,6,TRUE,-2.48535271867684,0.618560008860249,-2.51562988979057,0.6615196772656,-2.55692986792373,0.582710689954703,0.0302771711137302,0.0715771492468935,0.0412999781331633
"WST",10,"kappa_0.3","app_sparse_hetero",7,"WST_heteroSparse",2.96291897812002,"BALANCED",359,8,28,0,0,0,9,6,FALSE,-0.149036251643013,0.335130029713631,-0.151953243592927,0.200328272658861,-0.147685726264951,0.489934479212412,0.00291699194991413,-0.00135052537806146,-0.00426751732797559
"WST",10,"kappa_0.3","app_sparse_hetero",7,"WST_heteroSparse",2.96291897812002,"BALANCED",360,9,28,0,0,0,3,6,FALSE,-0.249313972288696,0.253618467832394,-0.242651160095927,0.125038948965911,-0.335826795627818,0.0777978431478928,-0.00666281219276854,0.0865128233391221,0.0931756355318907
"WST",10,"kappa_0.3","app_sparse_hetero",7,"WST_heteroSparse",2.96291897812002,"BALANCED",361,10,28,0,0,0,3,6,FALSE,-0.252284383427891,0.155119168667776,-0.24771021886372,0.107483020448083,-0.351487047005399,0.153371923648674,-0.00457416456417103,0.0992026635775085,0.10377682814168
"WST",10,"kappa_0.3","app_sparse_hetero",7,"WST_heteroSparse",2.96291897812002,"BALANCED",362,11,28,0,0,0,9,6,FALSE,-0.193650946391756,0.333361501153056,-0.206083154942502,0.058457996802298,-0.192932943386619,-0.0945532000398943,0.012432208550746,-0.00071800300513658,-0.0131502115558826
"WST",10,"kappa_0.3","app_sparse_hetero",7,"WST_heteroSparse",2.96291897812002,"BALANCED",363,12,28,0,0,0,6,6,TRUE,-0.224365998035531,0.370145324639406,-0.224617669871462,0.0210306411688376,-0.207706960316197,0.217382353255891,0.000251671835930445,-0.0166590377193341,-0.0169107095552645
"WST",10,"kappa_0.3","app_sparse_hetero",7,"WST_heteroSparse",2.96291897812002,"BALANCED",364,13,28,0,0,0,7,6,FALSE,-0.216489779802145,0.353692817191165,-0.227606085129142,0.0891522745656929,-0.192104726427423,0.0631459270741564,0.0111163053269969,-0.0243850533747221,-0.035501358701719
"WST",10,"kappa_0.3","app_sparse_hetero",7,"WST_heteroSparse",2.96291897812002,"BALANCED",365,14,28,0,0,0,1,6,FALSE,-0.436323564335822,0.369795016442784,-0.442880279329409,0.240797816114737,-0.379906906373303,0.0203394757438795,0.00655671499358679,-0.0564166579625196,-0.0629733729561064
"WST",10,"kappa_0.3","app_sparse_hetero",7,"WST_heteroSparse",2.96291897812002,"BALANCED",366,15,28,0,0,0,5,6,FALSE,-0.314888067962694,0.371230174906264,-0.318438318972302,0.0601589672808289,-0.28966044446323,0.0373691920691026,0.00355025100960837,-0.0252276234994637,-0.0287778745090721
"WST",10,"kappa_0.3","app_sparse_hetero",7,"WST_heteroSparse",2.96291897812002,"BALANCED",367,16,28,0,0,0,10,6,FALSE,-0.205243280304982,0.207235566190989,-0.20909806402953,-0.0560230678137798,-0.200081138268169,0.0324971755408068,0.00385478372454795,-0.00516214203681287,-0.00901692576136082
"WST",10,"kappa_0.3","app_sparse_hetero",7,"WST_heteroSparse",2.96291897812002,"BALANCED",368,17,28,0,0,0,5,6,FALSE,-0.370489851138917,0.356048327670537,-0.375131705627517,0.172204659860325,-0.340715772962688,0.15279715534484,0.00464185448860022,-0.0297740781762288,-0.034415932664829
"WST",10,"kappa_0.3","app_sparse_hetero",7,"WST_heteroSparse",2.96291897812002,"BALANCED",369,18,28,0,0,0,9,6,FALSE,-0.163413396264323,0.377390234630955,-0.170639335209369,-0.032907155855663,-0.165616986172994,0.27860150025614,0.0072259389450462,0.00220358990867098,-0.00502234903637522
"WST",10,"kappa_0.3","app_sparse_hetero",7,"WST_heteroSparse",2.96291897812002,"BALANCED",370,19,28,0,0,0,8,6,FALSE,-0.269023676935975,0.28393572510284,-0.268445465468973,0.180724021377531,-0.238252909029364,-0.0671209099358127,-0.000578211467002099,-0.0307707679066107,-0.0301925564396086
"WST",10,"kappa_0.3","app_sparse_hetero",7,"WST_heteroSparse",2.96291897812002,"BALANCED",371,20,28,0,0,0,1,6,FALSE,-0.430263575165014,0.200726175138307,-0.477707900202867,0.0640965929073007,-0.417792467296538,0.0973577832763448,0.0474443250378522,-0.0124711078684765,-0.0599154329063287
"WST",10,"kappa_0.3","app_sparse_hetero",7,"WST_heteroSparse",2.96291897812002,"BALANCED",372,21,28,0,0,0,1,6,FALSE,-0.429397671421895,0.325448956790702,-0.456252285198532,0.401895734548072,-0.418896057161789,-0.135077211675634,0.0268546137766368,-0.0105016142601055,-0.0373562280367423
"WST",10,"kappa_0.3","app_sparse_hetero",7,"WST_heteroSparse",2.96291897812002,"BALANCED",373,22,28,0,0,0,7,6,FALSE,-0.209908740429493,0.294964401754963,-0.218736628840336,0.166736102338249,-0.196089731541186,0.41949328057729,0.00882788841084281,-0.0138190088883068,-0.0226468972991496
"WST",10,"kappa_0.3","app_sparse_hetero",7,"WST_heteroSparse",2.96291897812002,"BALANCED",374,23,28,1,0,1,5,6,FALSE,-1.75502541723727,0.174892087188221,-1.7147109047332,0.571323297386034,-1.72065080244744,0.172313753493767,-0.0403145125040787,-0.0343746147898312,0.00593989771424752
"WST",10,"kappa_0.3","app_sparse_hetero",7,"WST_heteroSparse",2.96291897812002,"BALANCED",375,24,28,0,0,0,1,6,FALSE,-0.487539293145373,0.13710456906606,-0.552264641772815,0.293767374588463,-0.474517884651498,0.129239826201258,0.0647253486274417,-0.0130214084938745,-0.0777467571213162
"WST",10,"kappa_0.3","app_sparse_hetero",7,"WST_heteroSparse",2.96291897812002,"BALANCED",376,25,28,0,0,0,10,6,FALSE,-0.136983732712824,0.195659099658915,-0.138100279939258,0.194231568499975,-0.136281887696236,0.00496511678757094,0.00111654722643451,-0.000701845016587654,-0.00181839224302216
"WST",10,"kappa_0.3","app_sparse_hetero",7,"WST_heteroSparse",2.96291897812002,"BALANCED",377,26,28,1,0,1,2,6,FALSE,-1.77459887182478,0.411702605531588,-1.75696100737247,0.28297087730921,-1.51214377887789,0.269845118489088,-0.0176378644523103,-0.262455092946897,-0.244817228494587
"WST",10,"kappa_0.3","app_sparse_hetero",7,"WST_heteroSparse",2.96291897812002,"BALANCED",378,27,28,0,0,0,2,6,FALSE,-0.227678039704899,0.262848632029844,-0.194628856335185,0.190252448027398,-0.253355045339437,0.0941936605206244,-0.0330491833697142,0.0256770056345381,0.0587261890042523
"WST",10,"kappa_0.3","app_sparse_hetero",7,"WST_heteroSparse",2.96291897812002,"BALANCED",379,1,29,0,0,0,2,7,FALSE,-0.280588287743149,0.0673087606452101,-0.296898543079985,0.257893213764946,-0.291013701889507,0.251080945786389,0.0163102553368359,0.0104254141463578,-0.00588484119047816
"WST",10,"kappa_0.3","app_sparse_hetero",7,"WST_heteroSparse",2.96291897812002,"BALANCED",380,2,29,0,0,0,9,7,FALSE,-0.294994358633033,0.445627268394825,-0.260048428798453,0.166562394133436,-0.233862520633784,0.206772625339798,-0.0349459298345796,-0.0611318379992483,-0.0261859081646687
"WST",10,"kappa_0.3","app_sparse_hetero",7,"WST_heteroSparse",2.96291897812002,"BALANCED",381,3,29,0,0,0,1,7,FALSE,-0.3304265751201,0.180753457002421,-0.355926129704322,0.129427352599137,-0.330001387242702,0.0886548365542587,0.025499554584222,-0.000425187877397981,-0.02592474246162
"WST",10,"kappa_0.3","app_sparse_hetero",7,"WST_heteroSparse",2.96291897812002,"BALANCED",382,4,29,0,1,1,8,7,FALSE,-2.57537378622101,0.985728897868557,-2.47188704989395,0.71179264287662,-2.59948870722149,1.04794779116237,-0.103486736327065,0.0241149210004741,0.127601657327539
"WST",10,"kappa_0.3","app_sparse_hetero",7,"WST_heteroSparse",2.96291897812002,"BALANCED",383,5,29,0,0,0,7,7,TRUE,-0.286027870147938,0.125458553687892,-0.268940996244826,-0.110436039672613,-0.233599280676032,0.209971520739315,-0.0170868739031116,-0.0524285894719059,-0.0353417155687943
"WST",10,"kappa_0.3","app_sparse_hetero",7,"WST_heteroSparse",2.96291897812002,"BALANCED",384,6,29,0,0,0,4,7,FALSE,-0.391029520822953,0.186551307205227,-0.438643842087187,-0.0521947901749341,-0.412547375090862,-0.0106622115351016,0.0476143212642333,0.0215178542679091,-0.0260964669963242
"WST",10,"kappa_0.3","app_sparse_hetero",7,"WST_heteroSparse",2.96291897812002,"BALANCED",385,7,29,0,0,0,6,7,FALSE,-0.25224767360821,0.203221270860799,-0.252786972970631,0.364594613801336,-0.216043344514726,-0.0201187300129255,0.00053929936242092,-0.0362043290934837,-0.0367436284559046
"WST",10,"kappa_0.3","app_sparse_hetero",7,"WST_heteroSparse",2.96291897812002,"BALANCED",386,8,29,0,0,0,9,7,FALSE,-0.186155311803155,0.271673024228463,-0.166345716248454,0.155179860112819,-0.149692878762303,0.417439646181041,-0.0198095955547011,-0.0364624330408523,-0.0166528374861512
"WST",10,"kappa_0.3","app_sparse_hetero",7,"WST_heteroSparse",2.96291897812002,"BALANCED",387,9,29,0,0,0,3,7,FALSE,-0.304770293644529,0.167122529614752,-0.284548778414864,0.334645522303058,-0.327365943344642,0.115178783113971,-0.0202215152296645,0.0225956497001132,0.0428171649297777
"WST",10,"kappa_0.3","app_sparse_hetero",7,"WST_heteroSparse",2.96291897812002,"BALANCED",388,10,29,0,0,0,3,7,FALSE,-0.315509680101877,0.255924368252652,-0.299768079889225,0.0278928163840868,-0.344971821921252,0.228838913515069,-0.0157416002126514,0.0294621418193755,0.0452037420320268
"WST",10,"kappa_0.3","app_sparse_hetero",7,"WST_heteroSparse",2.96291897812002,"BALANCED",389,11,29,0,1,1,9,7,FALSE,-1.97788715708401,0.437359091164799,-1.96588249620833,-0.159673139947992,-2.03130735292319,0.02507690288325,-0.012004660875677,0.0534201958391867,0.0654248567148636
"WST",10,"kappa_0.3","app_sparse_hetero",7,"WST_heteroSparse",2.96291897812002,"BALANCED",390,12,29,0,0,0,6,7,FALSE,-0.230506650466437,0.292290220426469,-0.212717848736174,0.35064602372116,-0.198604553634844,-0.0333065709925009,-0.017788801730263,-0.0319020968315931,-0.0141132951013301
"WST",10,"kappa_0.3","app_sparse_hetero",7,"WST_heteroSparse",2.96291897812002,"BALANCED",391,13,29,0,0,0,7,7,TRUE,-0.219832150522024,0.305588928046951,-0.210287485588264,0.163879583045884,-0.185034696158401,-0.102320968484695,-0.00954466493376049,-0.0347974543636234,-0.0252527894298629
"WST",10,"kappa_0.3","app_sparse_hetero",7,"WST_heteroSparse",2.96291897812002,"BALANCED",392,14,29,1,0,1,1,7,FALSE,-1.74533378815821,0.292621611325919,-1.50135427273588,0.202265580680498,-1.62688386055094,0.0507139632516548,-0.243979515422327,-0.11844992760727,0.125529587815056
"WST",10,"kappa_0.3","app_sparse_hetero",7,"WST_heteroSparse",2.96291897812002,"BALANCED",393,15,29,0,0,0,5,7,FALSE,-0.265771295203209,0.334342213131462,-0.294607544825577,0.287306347126281,-0.280275504165859,0.184782528802323,0.0288362496223673,0.0145042089626495,-0.0143320406597178
"WST",10,"kappa_0.3","app_sparse_hetero",7,"WST_heteroSparse",2.96291897812002,"BALANCED",394,16,29,0,0,0,10,7,FALSE,-0.167840740512425,0.107310556440328,-0.182410885833445,0.355374228295434,-0.201285086648057,0.292409413180008,0.0145701453210201,0.0334443461356324,0.0188742008146123
"WST",10,"kappa_0.3","app_sparse_hetero",7,"WST_heteroSparse",2.96291897812002,"BALANCED",395,17,29,0,0,0,5,7,FALSE,-0.305683868856638,0.1784615301927,-0.34802323610374,0.294509810334485,-0.330403304183762,0.0749367018537359,0.0423393672471013,0.0247194353271238,-0.0176199319199775
"WST",10,"kappa_0.3","app_sparse_hetero",7,"WST_heteroSparse",2.96291897812002,"BALANCED",396,18,29,0,0,0,9,7,FALSE,-0.208760164015565,0.454237192915852,-0.184063049700646,0.215399811144567,-0.168592089385943,-0.0152533721835171,-0.0246971143149191,-0.0401680746296229,-0.0154709603147039
"WST",10,"kappa_0.3","app_sparse_hetero",7,"WST_heteroSparse",2.96291897812002,"BALANCED",397,19,29,0,0,0,8,7,FALSE,-0.267374496389867,0.0897726070253651,-0.256071962781168,0.246726650385858,-0.226635309867246,0.113958736995433,-0.0113025336086992,-0.0407391865226208,-0.0294366529139216
"WST",10,"kappa_0.3","app_sparse_hetero",7,"WST_heteroSparse",2.96291897812002,"BALANCED",398,20,29,0,0,0,1,7,FALSE,-0.383330899925731,0.0120282458707999,-0.430874629682763,0.132932605395827,-0.397923363742746,0.159436726996704,0.0475437297570318,0.0145924638170145,-0.0329512659400173
"WST",10,"kappa_0.3","app_sparse_hetero",7,"WST_heteroSparse",2.96291897812002,"BALANCED",399,21,29,1,0,1,1,7,FALSE,-1.63112914639705,0.280802186846773,-1.45169182052379,0.156103541804037,-1.54821441046156,-0.0450715132227807,-0.179437325873262,-0.0829147359354927,0.0965225899377691
"WST",10,"kappa_0.3","app_sparse_hetero",7,"WST_heteroSparse",2.96291897812002,"BALANCED",400,22,29,1,0,1,7,7,TRUE,-2.74863433565399,0.691438225655366,-2.66893313342503,1.05238882273164,-2.99081085381578,1.46837079933739,-0.0797012022289652,0.242176518161791,0.321877720390757
"WST",10,"kappa_0.3","app_sparse_hetero",7,"WST_heteroSparse",2.96291897812002,"BALANCED",401,23,29,0,0,0,5,7,FALSE,-0.264354041330142,0.240414738812467,-0.29303960615562,-0.00453779419900641,-0.285002046513528,-0.0967842394134402,0.0286855648254782,0.0206480051833857,-0.00803755964209252
"WST",10,"kappa_0.3","app_sparse_hetero",7,"WST_heteroSparse",2.96291897812002,"BALANCED",402,24,29,0,0,0,1,7,FALSE,-0.431305667700013,0.13742388921743,-0.486944026815477,0.0695032493937788,-0.457527226406124,0.193490183272925,0.0556383591154646,0.0262215587061112,-0.0294168004093533
"WST",10,"kappa_0.3","app_sparse_hetero",7,"WST_heteroSparse",2.96291897812002,"BALANCED",403,25,29,0,0,0,10,7,FALSE,-0.122636055943686,0.0869130927705214,-0.12450057680041,-0.16193610693225,-0.13500598597525,0.262105370981756,0.00186452085672428,0.0123699300315643,0.01050540917484
"WST",10,"kappa_0.3","app_sparse_hetero",7,"WST_heteroSparse",2.96291897812002,"BALANCED",404,26,29,0,0,0,2,7,FALSE,-0.316703785365787,0.178116739905933,-0.327340369211128,0.141187627042589,-0.36925222151391,0.219311353986941,0.0106365838453408,0.0525484361481228,0.0419118523027819
"WST",10,"kappa_0.3","app_sparse_hetero",7,"WST_heteroSparse",2.96291897812002,"BALANCED",405,27,29,0,0,0,2,7,FALSE,-0.222466683903973,0.112891104702171,-0.218465622277541,0.00170908102310888,-0.249047470729575,-0.0572489663674157,-0.00400106162643254,0.0265807868256021,0.0305818484520346
"WST",10,"kappa_0.3","app_sparse_hetero",7,"WST_heteroSparse",2.96291897812002,"BALANCED",406,28,29,1,0,1,6,7,FALSE,-2.49486682966936,0.499804510085798,-2.44645839940364,0.329096096898044,-2.60990695994184,0.168028614906381,-0.0484084302657193,0.115040130272485,0.163448560538204
"WST",10,"kappa_0.3","app_sparse_hetero",7,"WST_heteroSparse",2.96291897812002,"BALANCED",407,1,30,0,0,0,2,8,FALSE,-0.277120185465704,-0.045379510043852,-0.265557422664974,0.124734940793184,-0.265201776860501,0.12297311366576,-0.0115627628007298,-0.0119184086052035,-0.000355645804473781
"WST",10,"kappa_0.3","app_sparse_hetero",7,"WST_heteroSparse",2.96291897812002,"BALANCED",408,2,30,0,0,0,9,8,FALSE,-1.03692871902871,0.162277929116229,-0.843094278582334,0.0190051400207171,-0.461113444570802,-0.0344648712973708,-0.193834440446379,-0.575815274457911,-0.381980834011532
"WST",10,"kappa_0.3","app_sparse_hetero",7,"WST_heteroSparse",2.96291897812002,"BALANCED",409,3,30,0,0,0,1,8,FALSE,-0.313249099161053,0.0782706327608798,-0.298331549382286,0.295567555133288,-0.270209562369224,-0.0173730908475596,-0.014917549778767,-0.0430395367918281,-0.0281219870130611
"WST",10,"kappa_0.3","app_sparse_hetero",7,"WST_heteroSparse",2.96291897812002,"BALANCED",410,4,30,2,0,2,8,8,TRUE,-4.9792869267715,1.06251878768995,-4.56008361887971,0.342628752958246,-4.7153182668928,0.15203098643758,-0.419203307891788,-0.263968659878697,0.155234648013091
"WST",10,"kappa_0.3","app_sparse_hetero",7,"WST_heteroSparse",2.96291897812002,"BALANCED",411,5,30,0,0,0,7,8,FALSE,-0.27138879747103,0.523651278015797,-0.259366590502855,0.311149186853739,-0.216924257651891,0.43501548395406,-0.012022206968175,-0.054464539819139,-0.042442332850964
"WST",10,"kappa_0.3","app_sparse_hetero",7,"WST_heteroSparse",2.96291897812002,"BALANCED",412,6,30,0,0,0,4,8,FALSE,-0.161379131125318,0.0392058747576704,-0.193635497509286,0.135653325323289,-0.295486542596564,0.262047794927963,0.0322563663839679,0.134107411471247,0.101851045087279
"WST",10,"kappa_0.3","app_sparse_hetero",7,"WST_heteroSparse",2.96291897812002,"BALANCED",413,7,30,0,0,0,6,8,FALSE,-0.197520389508937,0.108901619102759,-0.204878580783701,0.155572334965893,-0.189304099202739,0.0445266475176033,0.007358191274764,-0.00821629030619775,-0.0155744815809618
"WST",10,"kappa_0.3","app_sparse_hetero",7,"WST_heteroSparse",2.96291897812002,"BALANCED",414,8,30,0,1,1,9,8,FALSE,-1.97096962061903,0.615931139013741,-2.0488524460595,0.425085244853481,-2.36450652820487,0.0796608510058555,0.0778828254404766,0.39353690758584,0.315654082145363
"WST",10,"kappa_0.3","app_sparse_hetero",7,"WST_heteroSparse",2.96291897812002,"BALANCED",415,9,30,0,0,0,3,8,FALSE,-0.209434851262794,-0.0596405730837717,-0.259363562922789,0.258050253357066,-0.318929421077303,-0.0862148171742662,0.0499287116599945,0.109494569814508,0.0595658581545138
"WST",10,"kappa_0.3","app_sparse_hetero",7,"WST_heteroSparse",2.96291897812002,"BALANCED",416,10,30,0,0,0,3,8,FALSE,-0.20560473173972,0.129193343250016,-0.259194169353595,0.145756507430232,-0.334991300482358,0.196201705869747,0.0535894376138746,0.129386568742637,0.0757971311287626
"WST",10,"kappa_0.3","app_sparse_hetero",7,"WST_heteroSparse",2.96291897812002,"BALANCED",417,11,30,0,1,1,9,8,FALSE,-1.86913016141004,0.597733932046998,-1.9396485187059,0.82743189710992,-2.14655213391353,0.120676240263175,0.0705183572958532,0.277421972503489,0.206903615207636
"WST",10,"kappa_0.3","app_sparse_hetero",7,"WST_heteroSparse",2.96291897812002,"BALANCED",418,12,30,0,0,0,6,8,FALSE,-0.188383400126964,0.545591857992569,-0.203601083084267,0.279798327882435,-0.17622946327355,0.321087006568985,0.015217682957303,-0.012153936853414,-0.027371619810717
"WST",10,"kappa_0.3","app_sparse_hetero",7,"WST_heteroSparse",2.96291897812002,"BALANCED",419,13,30,1,0,1,7,8,FALSE,-2.23403918980591,0.626018991082075,-2.05725520893091,0.388207775130457,-2.1408904475737,-0.0543986713868744,-0.176783980875,-0.0931487422322101,0.0836352386427901
"WST",10,"kappa_0.3","app_sparse_hetero",7,"WST_heteroSparse",2.96291897812002,"BALANCED",420,14,30,1,0,1,1,8,FALSE,-1.58749624813161,0.222897650304131,-1.56258626870413,0.262754536377746,-1.6852898226568,-0.0311547991907125,-0.0249099794274805,0.0977935745251957,0.122703553952676
"WST",10,"kappa_0.3","app_sparse_hetero",7,"WST_heteroSparse",2.96291897812002,"BALANCED",421,15,30,0,0,0,5,8,FALSE,-0.110334216834241,0.310878954617491,-0.133314624026118,0.0851665588217875,-0.200226943266198,-0.0206457347013451,0.0229804071918771,0.0898927264319571,0.06691231924008
"WST",10,"kappa_0.3","app_sparse_hetero",7,"WST_heteroSparse",2.96291897812002,"BALANCED",422,16,30,0,0,0,10,8,FALSE,-0.182371363418725,0.0133439576425584,-0.197275222230531,0.210092108322511,-0.354719188423128,0.0889930980496519,0.014903858811806,0.172347825004403,0.157443966192597
"WST",10,"kappa_0.3","app_sparse_hetero",7,"WST_heteroSparse",2.96291897812002,"BALANCED",423,17,30,0,0,0,5,8,FALSE,-0.138364458589953,0.315105908169834,-0.158551744807772,0.0104098249058205,-0.234933248572591,0.0772692822946526,0.0201872862178192,0.096568789982638,0.0763815037648188
"WST",10,"kappa_0.3","app_sparse_hetero",7,"WST_heteroSparse",2.96291897812002,"BALANCED",424,18,30,1,0,1,9,8,FALSE,-2.00967461111627,0.891616783250776,-1.96560836287735,0.657266280805908,-2.29542640361599,0.76933981990194,-0.0440662482389156,0.285751792499724,0.32981804073864
"WST",10,"kappa_0.3","app_sparse_hetero",7,"WST_heteroSparse",2.96291897812002,"BALANCED",425,19,30,0,0,0,8,8,TRUE,-0.26349520705497,0.523572188367723,-0.237267316379578,0.132114479736068,-0.20973861844676,0.0101240135392791,-0.0262278906753926,-0.0537565886082101,-0.0275286979328175
"WST",10,"kappa_0.3","app_sparse_hetero",7,"WST_heteroSparse",2.96291897812002,"BALANCED",426,20,30,1,0,1,1,8,FALSE,-1.52190034459533,0.110217909110911,-1.50559507417081,0.174778330797405,-1.61813612128545,-0.0429292855677339,-0.0163052704245183,0.0962357766901141,0.112541047114632
"WST",10,"kappa_0.3","app_sparse_hetero",7,"WST_heteroSparse",2.96291897812002,"BALANCED",427,21,30,0,0,0,1,8,FALSE,-0.359027128330662,0.0152190007207512,-0.345082406765451,-0.0201397394364928,-0.327679443468491,0.0234210109245327,-0.0139447215652106,-0.0313476848621708,-0.0174029632969601
"WST",10,"kappa_0.3","app_sparse_hetero",7,"WST_heteroSparse",2.96291897812002,"BALANCED",428,22,30,0,0,0,7,8,FALSE,-0.19790747568066,0.156946781982883,-0.19348675391622,0.354605674566937,-0.173164709426123,0.382977100308909,-0.00442072176443986,-0.024742766254537,-0.0203220444900971
"WST",10,"kappa_0.3","app_sparse_hetero",7,"WST_heteroSparse",2.96291897812002,"BALANCED",429,23,30,0,0,0,5,8,FALSE,-0.117631756361354,0.287223070944211,-0.139755625071524,0.360015749540818,-0.2008877114775,-0.0819153925932488,0.0221238687101692,0.0832559551161456,0.0611320864059763
"WST",10,"kappa_0.3","app_sparse_hetero",7,"WST_heteroSparse",2.96291897812002,"BALANCED",430,24,30,0,0,0,1,8,FALSE,-0.44153397513589,0.149186817589824,-0.414181318978209,0.189554127449916,-0.374137422363961,0.198964566746362,-0.0273526561576807,-0.0673965527719291,-0.0400438966142485
"WST",10,"kappa_0.3","app_sparse_hetero",7,"WST_heteroSparse",2.96291897812002,"BALANCED",431,25,30,0,0,0,10,8,FALSE,-0.124542394920732,0.196300732992192,-0.130360618395576,0.205550832695339,-0.155663925203091,0.288964697766375,0.00581822347484451,0.0311215302823591,0.0253033068075146
"WST",10,"kappa_0.3","app_sparse_hetero",7,"WST_heteroSparse",2.96291897812002,"BALANCED",432,26,30,0,0,0,2,8,FALSE,-0.317922711725442,0.095069400399546,-0.306783064693108,-0.0339334449012827,-0.360000603153301,0.059976314633849,-0.0111396470323344,0.0420778914278586,0.053217538460193
"WST",10,"kappa_0.3","app_sparse_hetero",7,"WST_heteroSparse",2.96291897812002,"BALANCED",433,27,30,0,0,0,2,8,FALSE,-0.221645523948537,0.386942552729903,-0.208807181420686,0.14695093129141,-0.243905997886227,0.311774029509544,-0.0128383425278509,0.0222604739376902,0.035098816465541
"WST",10,"kappa_0.3","app_sparse_hetero",7,"WST_heteroSparse",2.96291897812002,"BALANCED",434,28,30,0,0,0,6,8,FALSE,-0.174092549966618,0.269997417893325,-0.184419898615553,0.108002569712111,-0.171515881865208,-0.0741614920726392,0.0103273486489348,-0.00257666810141011,-0.0129040167503449
"WST",10,"kappa_0.3","app_sparse_hetero",7,"WST_heteroSparse",2.96291897812002,"BALANCED",435,29,30,0,0,0,7,8,FALSE,-0.219973782451229,0.336917391585205,-0.203252077602795,0.286058649996485,-0.173768370620151,0.0757344367576148,-0.0167217048484334,-0.0462054118310773,-0.0294837069826439
"WST",10,"kappa_0.3","app_sparse_hetero",7,"WST_heteroSparse",2.96291897812002,"BALANCED",436,1,31,0,0,0,2,7,FALSE,-0.340527090693821,0.249628829321966,-0.30026062251012,0.219465533999701,-0.332924819579547,0.109926153027389,-0.0402664681837015,-0.00760227111427447,0.032664197069427
"WST",10,"kappa_0.3","app_sparse_hetero",7,"WST_heteroSparse",2.96291897812002,"BALANCED",437,2,31,0,2,2,9,7,FALSE,-3.59311214079448,0.445263413155449,-4.1379523034103,0.392934422613607,-3.81070680455922,0.10247221921964,0.544840162615818,0.217594663764737,-0.327245498851081
"WST",10,"kappa_0.3","app_sparse_hetero",7,"WST_heteroSparse",2.96291897812002,"BALANCED",438,3,31,0,0,0,1,7,FALSE,-0.409567271101715,0.147361213262365,-0.319947124140293,0.00894293273409222,-0.335728506327219,0.0221710880770879,-0.0896201469614226,-0.0738387647744965,0.0157813821869262
"WST",10,"kappa_0.3","app_sparse_hetero",7,"WST_heteroSparse",2.96291897812002,"BALANCED",439,4,31,1,0,1,8,7,FALSE,-3.38165193545283,0.345892690049965,-4.16071925177982,0.32858312274877,-4.17349359560346,0.576741950833452,0.779067316326987,0.791841660150626,0.0127743438236392
"WST",10,"kappa_0.3","app_sparse_hetero",7,"WST_heteroSparse",2.96291897812002,"BALANCED",440,5,31,0,0,0,7,7,TRUE,-0.366274012319828,0.325562454434006,-0.345381490787109,-0.0274703767759175,-0.333292504413532,0.0897229349946299,-0.0208925215327191,-0.0329815079062961,-0.0120889863735769
"WST",10,"kappa_0.3","app_sparse_hetero",7,"WST_heteroSparse",2.96291897812002,"BALANCED",441,6,31,0,0,0,4,7,FALSE,-0.442260937088547,0.274516959546571,-0.395473943774481,0.123225785076402,-0.421880237720368,0.21741568937201,-0.0467869933140665,-0.0203806993681797,0.0264062939458869
"WST",10,"kappa_0.3","app_sparse_hetero",7,"WST_heteroSparse",2.96291897812002,"BALANCED",442,7,31,0,0,0,6,7,FALSE,-0.31962213057659,0.119185894248618,-0.336462978583731,0.173249892502284,-0.312211142372828,0.111256261998269,0.0168408480071411,-0.00741098820376251,-0.0242518362109037
"WST",10,"kappa_0.3","app_sparse_hetero",7,"WST_heteroSparse",2.96291897812002,"BALANCED",443,8,31,0,2,2,9,7,FALSE,-4.35807548211484,0.340626546649668,-5.01024147113051,0.204107278706926,-4.65797386798315,0.0551045098241485,0.652165989015677,0.299898385868311,-0.352267603147365
"WST",10,"kappa_0.3","app_sparse_hetero",7,"WST_heteroSparse",2.96291897812002,"BALANCED",444,9,31,0,0,0,3,7,FALSE,-0.302043565126297,0.139849645443781,-0.421325322236377,0.141390354746763,-0.452774558294202,-0.107966547974455,0.119281757110079,0.150730993167905,0.0314492360578251
"WST",10,"kappa_0.3","app_sparse_hetero",7,"WST_heteroSparse",2.96291897812002,"BALANCED",445,10,31,0,0,0,3,7,FALSE,-0.316857291077635,-0.0199683113667606,-0.432888375600356,0.253912289397714,-0.47398225200163,-0.0284059703658593,0.116031084522722,0.157124960923995,0.0410938764012734
"WST",10,"kappa_0.3","app_sparse_hetero",7,"WST_heteroSparse",2.96291897812002,"BALANCED",446,11,31,0,0,0,9,7,FALSE,-0.340459114763496,0.223203290781942,-0.245580162623237,-0.106139684645677,-0.247437289373795,0.138222305432318,-0.0948789521402587,-0.0930218253897008,0.00185712675055782
"WST",10,"kappa_0.3","app_sparse_hetero",7,"WST_heteroSparse",2.96291897812002,"BALANCED",447,12,31,0,0,0,6,7,FALSE,-0.303833842271221,0.436640944226087,-0.274393857113372,0.154668055632401,-0.267218921808123,0.0275411573197338,-0.0294399851578486,-0.0366149204630979,-0.00717493530524926
"WST",10,"kappa_0.3","app_sparse_hetero",7,"WST_heteroSparse",2.96291897812002,"BALANCED",448,13,31,0,0,0,7,7,TRUE,-0.263720936896221,0.201978882929518,-0.283104652803994,0.0280956274475895,-0.267326901073747,-0.0222512156390863,0.0193837159077725,0.00360596417752568,-0.0157777517302469
"WST",10,"kappa_0.3","app_sparse_hetero",7,"WST_heteroSparse",2.96291897812002,"BALANCED",449,14,31,1,0,1,1,7,FALSE,-1.8143452921576,0.890854488230494,-1.9353220776559,0.307414824693257,-2.1107542323956,0.22957214640504,0.120976785498299,0.296408940238007,0.175432154739708
"WST",10,"kappa_0.3","app_sparse_hetero",7,"WST_heteroSparse",2.96291897812002,"BALANCED",450,15,31,0,0,0,5,7,FALSE,-0.298965309802586,0.139292546755915,-0.262235060583886,0.0782385785282592,-0.285626120005165,0.131661952696692,-0.0367302492187003,-0.0133391897974215,0.0233910594212787
"WST",10,"kappa_0.3","app_sparse_hetero",7,"WST_heteroSparse",2.96291897812002,"BALANCED",451,16,31,0,0,0,10,7,FALSE,-0.247790414905826,0.201424916737829,-0.29814524129239,0.252728858776507,-0.26025545836454,0.241661505200441,0.0503548263865632,0.0124650434587137,-0.0378897829278495
"WST",10,"kappa_0.3","app_sparse_hetero",7,"WST_heteroSparse",2.96291897812002,"BALANCED",452,17,31,0,0,0,5,7,FALSE,-0.348042098547879,0.0947407492965028,-0.312609756069156,0.0753674540941827,-0.332526431410869,0.0143733071511141,-0.0354323424787228,-0.0155156671370094,0.0199166753417135
"WST",10,"kappa_0.3","app_sparse_hetero",7,"WST_heteroSparse",2.96291897812002,"BALANCED",453,18,31,0,0,0,9,7,FALSE,-0.284636603229578,0.386690582700874,-0.206353684541876,0.08953379210917,-0.213264740458968,0.210280332288323,-0.0782829186877025,-0.0713718627706097,0.00691105591709285
"WST",10,"kappa_0.3","app_sparse_hetero",7,"WST_heteroSparse",2.96291897812002,"BALANCED",454,19,31,0,2,2,8,7,FALSE,-4.79142433788661,0.934866596930264,-4.45047642835135,0.403243195108566,-4.77507861930632,0.271743387892261,-0.340947909535254,-0.0163457185802915,0.324602190954963
"WST",10,"kappa_0.3","app_sparse_hetero",7,"WST_heteroSparse",2.96291897812002,"BALANCED",455,20,31,0,1,1,1,7,FALSE,-3.31068898377602,0.305797247967971,-4.9091482775218,-0.0288230973203314,-3.44973443929267,0.208270684001976,1.59845929374578,0.139045455516646,-1.45941383822914
"WST",10,"kappa_0.3","app_sparse_hetero",7,"WST_heteroSparse",2.96291897812002,"BALANCED",456,21,31,0,0,0,1,7,FALSE,-0.47767187201863,0.223386427907862,-0.398861284285693,0.089384931940599,-0.394921141841576,-0.0499947965910202,-0.0788105877329368,-0.0827507301770538,-0.003940142444117
"WST",10,"kappa_0.3","app_sparse_hetero",7,"WST_heteroSparse",2.96291897812002,"BALANCED",457,22,31,0,1,1,7,7,TRUE,-2.46823930014754,0.628550906890101,-2.2593867563423,0.990124399578217,-2.42643438700428,0.804343700450756,-0.208852543805233,-0.0418049131432552,0.167047630661978
"WST",10,"kappa_0.3","app_sparse_hetero",7,"WST_heteroSparse",2.96291897812002,"BALANCED",458,23,31,0,0,0,5,7,FALSE,-0.305392223970892,0.140332076355764,-0.283656574296382,0.29459978391313,-0.283694375145652,-0.0144564799901954,-0.0217356496745102,-0.02169784882524,3.78008492702975e-05
"WST",10,"kappa_0.3","app_sparse_hetero",7,"WST_heteroSparse",2.96291897812002,"BALANCED",459,24,31,0,0,0,1,7,FALSE,-0.549774192797996,0.155107637369395,-0.449140972677836,0.0650500131019488,-0.445911236999335,0.0331886363284188,-0.10063322012016,-0.10386295579866,-0.00322973567850049
"WST",10,"kappa_0.3","app_sparse_hetero",7,"WST_heteroSparse",2.96291897812002,"BALANCED",460,25,31,0,0,0,10,7,FALSE,-0.169926172325265,0.105784581273824,-0.184758401557421,0.0890897157891433,-0.186045936683954,0.129633684568893,0.0148322292321561,0.016119764358689,0.0012875351265329
"WST",10,"kappa_0.3","app_sparse_hetero",7,"WST_heteroSparse",2.96291897812002,"BALANCED",461,26,31,0,0,0,2,7,FALSE,-0.385560986726407,-0.107719961100948,-0.477362083607289,0.203132996449333,-0.510154887301257,0.0356183656261105,0.0918010968808822,0.12459390057485,0.032792803693968
"WST",10,"kappa_0.3","app_sparse_hetero",7,"WST_heteroSparse",2.96291897812002,"BALANCED",462,27,31,0,0,0,2,7,FALSE,-0.26699199834206,0.024655661195436,-0.325260974524086,0.0184445026515701,-0.340917228030222,0.120911438781759,0.0582689761820268,0.0739252296881618,0.0156562535061351
"WST",10,"kappa_0.3","app_sparse_hetero",7,"WST_heteroSparse",2.96291897812002,"BALANCED",463,28,31,0,0,0,6,7,FALSE,-0.290002485874474,0.108633617563285,-0.316468174263322,0.155271748807037,-0.276413079529894,-0.00761342366176261,0.0264656883888472,-0.0135894063445807,-0.0400550947334279
"WST",10,"kappa_0.3","app_sparse_hetero",7,"WST_heteroSparse",2.96291897812002,"BALANCED",464,29,31,0,0,0,7,7,TRUE,-0.276421588462076,0.269930732364463,-0.306936258536652,0.0336473317977774,-0.268582045708555,-0.0235405519921555,0.0305146700745755,-0.00783954275352183,-0.0383542128280974
"WST",10,"kappa_0.3","app_sparse_hetero",7,"WST_heteroSparse",2.96291897812002,"BALANCED",465,30,31,0,0,0,8,7,FALSE,-0.306066679728176,0.342570650744932,-0.221807085592001,0.165246892919298,-0.219006497350693,-0.0478253073250325,-0.0842595941361752,-0.087060182377483,-0.0028005882413078
"WST",10,"kappa_0.3","app_sparse_hetero",7,"WST_heteroSparse",2.96291897812002,"BALANCED",466,1,32,0,0,0,2,4,FALSE,-0.284127467230208,0.262066079651365,-0.251751385767458,0.109166667352063,-0.316199523904942,0.1042111227131,-0.0323760814627505,0.0320720566747337,0.0644481381374842
"WST",10,"kappa_0.3","app_sparse_hetero",7,"WST_heteroSparse",2.96291897812002,"BALANCED",467,2,32,0,1,1,9,4,FALSE,-2.23160012405159,0.7298593103756,-2.02021501242257,0.167884309746693,-1.61532346117685,0.306676999675279,-0.211385111629014,-0.616276662874731,-0.404891551245717
"WST",10,"kappa_0.3","app_sparse_hetero",7,"WST_heteroSparse",2.96291897812002,"BALANCED",468,3,32,1,0,1,1,4,FALSE,-2.66876460574717,0.329120841779765,-2.55135368252297,0.121030989550949,-2.66596458243893,0.334627711501805,-0.117410923224202,-0.00280002330824036,0.114610899915961
"WST",10,"kappa_0.3","app_sparse_hetero",7,"WST_heteroSparse",2.96291897812002,"BALANCED",469,4,32,0,0,0,8,4,FALSE,-0.312238042023439,-0.0285033248541003,-0.324029032998946,0.262652515061158,-0.336864521716671,0.175830862725196,0.0117909909755074,0.0246264796932323,0.0128354887177249
"WST",10,"kappa_0.3","app_sparse_hetero",7,"WST_heteroSparse",2.96291897812002,"BALANCED",470,5,32,0,0,0,7,4,FALSE,-0.353311937409817,0.100925555592088,-0.365662755686407,0.0931400840589613,-0.396672644061715,-0.057078597374594,0.0123508182765901,0.0433607066518977,0.0310098883753076
"WST",10,"kappa_0.3","app_sparse_hetero",7,"WST_heteroSparse",2.96291897812002,"BALANCED",471,6,32,0,0,0,4,4,TRUE,-0.245737899155955,0.230797857693736,-0.224980373919061,0.207845222765131,-0.227410723065735,0.234372304824961,-0.0207575252368937,-0.0183271760902199,0.00243034914667373
"WST",10,"kappa_0.3","app_sparse_hetero",7,"WST_heteroSparse",2.96291897812002,"BALANCED",472,7,32,0,0,0,6,4,FALSE,-0.399905699887817,0.105557109918755,-0.392377932427704,0.237023619730446,-0.373642392049473,0.120930349651437,-0.00752776746011286,-0.0262633078383434,-0.0187355403782306
"WST",10,"kappa_0.3","app_sparse_hetero",7,"WST_heteroSparse",2.96291897812002,"BALANCED",473,8,32,0,0,0,9,4,FALSE,-0.118024213117575,0.279577320188771,-0.13013993227727,0.129687340190268,-0.200205898908878,0.523227290221102,0.012115719159695,0.0821816857913023,0.0700659666316072
"WST",10,"kappa_0.3","app_sparse_hetero",7,"WST_heteroSparse",2.96291897812002,"BALANCED",474,9,32,1,0,1,3,4,FALSE,-1.24646798946639,0.345675239070149,-1.26943610432747,0.537806237361969,-1.27735450997489,0.575193590607155,0.022968114861083,0.0308865205085063,0.0079184056474233
"WST",10,"kappa_0.3","app_sparse_hetero",7,"WST_heteroSparse",2.96291897812002,"BALANCED",475,10,32,1,1,2,3,4,FALSE,-4.93523799674595,0.388834790191186,-4.62516312601104,0.383176201247993,-4.91145130127854,0.325831348692517,-0.310074870734911,-0.0237866954674057,0.286288175267505
"WST",10,"kappa_0.3","app_sparse_hetero",7,"WST_heteroSparse",2.96291897812002,"BALANCED",476,11,32,0,0,0,9,4,FALSE,-0.156980560872145,0.128852096597837,-0.174654748920176,0.177888330207935,-0.261081769307681,-0.0943062226606907,0.0176741880480309,0.104101208435536,0.0864270203875055
"WST",10,"kappa_0.3","app_sparse_hetero",7,"WST_heteroSparse",2.96291897812002,"BALANCED",477,12,32,0,0,0,6,4,FALSE,-0.267244308153851,0.0303592601484976,-0.285860401243488,0.206513839285617,-0.293162271505173,0.0645184128355481,0.0186160930896371,0.025917963351322,0.00730187026168494
"WST",10,"kappa_0.3","app_sparse_hetero",7,"WST_heteroSparse",2.96291897812002,"BALANCED",478,13,32,0,1,1,7,4,FALSE,-1.74749309263577,0.310724596747823,-1.65583037047677,0.227342314022969,-1.62139603351782,0.236097143017939,-0.0916627221589916,-0.12609705911794,-0.0344343369589488
"WST",10,"kappa_0.3","app_sparse_hetero",7,"WST_heteroSparse",2.96291897812002,"BALANCED",479,14,32,0,0,0,1,4,FALSE,-0.157367060973141,0.36889733709146,-0.132120932304408,0.284851847034058,-0.1340461874605,0.183830531391287,-0.0252461286687327,-0.0233208735126409,0.00192525515609177
"WST",10,"kappa_0.3","app_sparse_hetero",7,"WST_heteroSparse",2.96291897812002,"BALANCED",480,15,32,0,0,0,5,4,FALSE,-0.166881694167276,0.229916024075851,-0.158893262495826,0.273161466391964,-0.164971303078824,0.14087945749098,-0.0079884316714498,-0.00191039108845192,0.00607804058299788
"WST",10,"kappa_0.3","app_sparse_hetero",7,"WST_heteroSparse",2.96291897812002,"BALANCED",481,16,32,0,0,0,10,4,FALSE,-0.450713162320326,0.069840229531738,-0.43723059435423,0.152994819890666,-0.289488982527469,0.140100930085888,-0.0134825679660953,-0.161224179792857,-0.147741611826762
"WST",10,"kappa_0.3","app_sparse_hetero",7,"WST_heteroSparse",2.96291897812002,"BALANCED",482,17,32,0,0,0,5,4,FALSE,-0.20392754465299,0.366153623028984,-0.184902843967531,0.238655842123161,-0.185197711379265,0.286572303174727,-0.0190247006854589,-0.0187298332737242,0.000294867411734678
"WST",10,"kappa_0.3","app_sparse_hetero",7,"WST_heteroSparse",2.96291897812002,"BALANCED",483,18,32,0,0,0,9,4,FALSE,-0.129620787063924,0.165647646070546,-0.146511489116461,0.0693422887737213,-0.224678507934143,-0.0409230911043859,0.0168907020525371,0.0950577208702184,0.0781670188176813
"WST",10,"kappa_0.3","app_sparse_hetero",7,"WST_heteroSparse",2.96291897812002,"BALANCED",484,19,32,0,1,1,8,4,FALSE,-1.69589994140135,0.161115563979546,-1.49079373643562,0.212992643608391,-1.47058254120313,0.218063023343439,-0.205106204965729,-0.225317400198218,-0.0202111952324895
"WST",10,"kappa_0.3","app_sparse_hetero",7,"WST_heteroSparse",2.96291897812002,"BALANCED",485,20,32,0,0,0,1,4,FALSE,-0.188952938080373,0.0616231144563431,-0.143308958978263,0.45129963400876,-0.150419169201694,0.289540471232935,-0.0456439791021097,-0.0385337688786791,0.00711021022343061
"WST",10,"kappa_0.3","app_sparse_hetero",7,"WST_heteroSparse",2.96291897812002,"BALANCED",486,21,32,0,0,0,1,4,FALSE,-0.233765614872913,-0.0748559736293681,-0.18553455179431,0.032017557914241,-0.168091338304908,0.395805809615432,-0.0482310630786023,-0.0656742765680045,-0.0174432134894023
"WST",10,"kappa_0.3","app_sparse_hetero",7,"WST_heteroSparse",2.96291897812002,"BALANCED",487,22,32,0,0,0,7,4,FALSE,-0.287145492315856,0.192262301177949,-0.326856571171453,0.0727634645309377,-0.301737335099853,0.0430691648942192,0.0397110788555963,0.0145918427839966,-0.0251192360715997
"WST",10,"kappa_0.3","app_sparse_hetero",7,"WST_heteroSparse",2.96291897812002,"BALANCED",488,23,32,0,1,1,5,4,FALSE,-2.8731326923604,0.578185133483275,-2.84762603182386,0.191260928118065,-2.86565740882437,0.0131719600137985,-0.025506660536541,-0.00747528353603322,0.0180313770005078
"WST",10,"kappa_0.3","app_sparse_hetero",7,"WST_heteroSparse",2.96291897812002,"BALANCED",489,24,32,0,0,0,1,4,FALSE,-0.212546971433866,0.127402273796163,-0.159781531798343,0.26220915876741,-0.16953133405395,0.190140711704226,-0.0527654396355235,-0.0430156373799164,0.00974980225560707
"WST",10,"kappa_0.3","app_sparse_hetero",7,"WST_heteroSparse",2.96291897812002,"BALANCED",490,25,32,0,0,0,10,4,FALSE,-0.269044295107295,0.235451958642432,-0.250930683487803,0.204596531389292,-0.218765309719288,0.0525530141916435,-0.0181136116194924,-0.0502789853880072,-0.0321653737685148
"WST",10,"kappa_0.3","app_sparse_hetero",7,"WST_heteroSparse",2.96291897812002,"BALANCED",491,26,32,0,0,0,2,4,FALSE,-0.604589512069633,0.214822054375512,-0.654877857597462,0.0115798121682164,-0.637186177950483,0.157247875221826,0.0502883455278296,0.0325966658808499,-0.0176916796469797
"WST",10,"kappa_0.3","app_sparse_hetero",7,"WST_heteroSparse",2.96291897812002,"BALANCED",492,27,32,0,0,0,2,4,FALSE,-0.40897699212211,0.0920397871201085,-0.438601370968702,0.155087267334319,-0.428317696701478,0.163063639819639,0.0296243788465924,0.0193407045793679,-0.0102836742672245
"WST",10,"kappa_0.3","app_sparse_hetero",7,"WST_heteroSparse",2.96291897812002,"BALANCED",493,28,32,0,1,1,6,4,FALSE,-1.63430634116833,0.196748708673187,-1.57736288627787,0.330099241646289,-1.61368477010205,0.324105458740343,-0.0569434548904688,-0.0206215710662834,0.0363218838241854
"WST",10,"kappa_0.3","app_sparse_hetero",7,"WST_heteroSparse",2.96291897812002,"BALANCED",494,29,32,0,0,0,7,4,FALSE,-0.306627610750126,0.295009813260192,-0.339856746749469,-0.0737727620809479,-0.325115304897999,0.239125203388506,0.0332291359993429,0.0184876941478729,-0.01474144185147
"WST",10,"kappa_0.3","app_sparse_hetero",7,"WST_heteroSparse",2.96291897812002,"BALANCED",495,30,32,0,0,0,8,4,FALSE,-0.134093315442287,0.352648767890695,-0.156762813303012,0.170084385959307,-0.231310515800573,0.100834317140703,0.0226694978607256,0.0972172003582861,0.0745477024975605
"WST",10,"kappa_0.3","app_sparse_hetero",7,"WST_heteroSparse",2.96291897812002,"BALANCED",496,31,32,0,0,0,7,4,FALSE,-0.344051554580132,0.211526160833132,-0.32404487767664,0.0758079902608858,-0.326508959919421,0.100161808918945,-0.0200066769034919,-0.0175425946607115,0.00246408224278039
"WST",10,"kappa_0.3","app_sparse_hetero",7,"WST_heteroSparse",2.96291897812002,"BALANCED",497,1,33,0,0,0,2,4,FALSE,-0.284145422134187,0.346200197793087,-0.258972078410544,0.158509833190947,-0.329219915335782,0.193519576767557,-0.025173343723643,0.0450744932015956,0.0702478369252386
"WST",10,"kappa_0.3","app_sparse_hetero",7,"WST_heteroSparse",2.96291897812002,"BALANCED",498,2,33,0,0,0,9,4,FALSE,-0.180447671973524,0.238493193657746,-0.205363456176318,0.167245070919238,-0.317407128066936,0.0534577714175235,0.0249157842027943,0.136959456093412,0.112043671890618
"WST",10,"kappa_0.3","app_sparse_hetero",7,"WST_heteroSparse",2.96291897812002,"BALANCED",499,3,33,0,0,0,1,4,FALSE,-0.184155666882908,0.130286937946916,-0.133923476607102,0.442069838919792,-0.230702805320362,0.0497272574341858,-0.0502321902758061,0.0465471384374547,0.0967793287132608
"WST",10,"kappa_0.3","app_sparse_hetero",7,"WST_heteroSparse",2.96291897812002,"BALANCED",500,4,33,0,0,0,8,4,FALSE,-0.315194975073879,0.351381895418674,-0.333383954456719,0.179274914843835,-0.344869880416769,0.0110809897748837,0.01818897938284,0.0296749053428904,0.0114859259600504
"WST",10,"kappa_0.3","app_sparse_hetero",7,"WST_heteroSparse",2.96291897812002,"BALANCED",501,5,33,0,0,0,7,4,FALSE,-0.358910858095575,0.0810769920954294,-0.369563508581376,-0.00786508586439361,-0.40493033009483,0.0876752109470816,0.0106526504858016,0.046019471999255,0.0353668215134535
"WST",10,"kappa_0.3","app_sparse_hetero",7,"WST_heteroSparse",2.96291897812002,"BALANCED",502,6,33,0,0,0,4,4,TRUE,-0.240415054120551,0.434120251696484,-0.241019619792415,0.124854088396078,-0.229926004241642,0.106798129454815,0.000604565671864066,-0.0104890498789088,-0.0110936155507728
"WST",10,"kappa_0.3","app_sparse_hetero",7,"WST_heteroSparse",2.96291897812002,"BALANCED",503,7,33,0,2,2,6,4,FALSE,-3.58079007220432,0.470055844842201,-3.39494134066116,0.177465408689378,-3.48674109008413,0.427561796868504,-0.185848731543153,-0.0940489821201842,0.091799749422969
"WST",10,"kappa_0.3","app_sparse_hetero",7,"WST_heteroSparse",2.96291897812002,"BALANCED",504,8,33,0,0,0,9,4,FALSE,-0.114088745814469,0.227797202574462,-0.127792122717545,-0.0581763262464466,-0.201607189400387,0.460611830158103,0.0137033769030763,0.0875184435859184,0.0738150666828421
"WST",10,"kappa_0.3","app_sparse_hetero",7,"WST_heteroSparse",2.96291897812002,"BALANCED",505,9,33,0,0,0,3,4,FALSE,-0.610236406626133,-0.0511683235588297,-0.603501739577656,-0.0529723178358344,-0.5849950633924,0.0862501136682246,-0.00673466704847758,-0.0252413432337333,-0.0185066761852557
"WST",10,"kappa_0.3","app_sparse_hetero",7,"WST_heteroSparse",2.96291897812002,"BALANCED",506,10,33,1,0,1,3,4,FALSE,-1.21936774201366,0.319043026662904,-1.22567368630251,0.123150305665081,-1.22522193965071,-0.0383291645248762,0.00630594428884823,0.00585419763705097,-0.000451746651797258
"WST",10,"kappa_0.3","app_sparse_hetero",7,"WST_heteroSparse",2.96291897812002,"BALANCED",507,11,33,0,0,0,9,4,FALSE,-0.151954683636316,0.246475225514862,-0.1711318071889,0.131549992530175,-0.26528514838996,0.25821933987246,0.0191771235525833,0.113330464753644,0.0941533412010607
"WST",10,"kappa_0.3","app_sparse_hetero",7,"WST_heteroSparse",2.96291897812002,"BALANCED",508,12,33,0,0,0,6,4,FALSE,-0.270938211379134,-0.0852792232057467,-0.295913802571142,0.0485873333136427,-0.301732040599277,0.0503218773972253,0.0249755911920078,0.0307938292201433,0.00581823802813553
"WST",10,"kappa_0.3","app_sparse_hetero",7,"WST_heteroSparse",2.96291897812002,"BALANCED",509,13,33,0,1,1,7,4,FALSE,-1.73306330301385,0.0299473548950863,-1.64014017815456,0.355170335118938,-1.6034669235313,0.141376701517811,-0.0929231248592863,-0.12959637948255,-0.0366732546232633
"WST",10,"kappa_0.3","app_sparse_hetero",7,"WST_heteroSparse",2.96291897812002,"BALANCED",510,14,33,0,0,0,1,4,FALSE,-0.166100588943168,0.344241700312359,-0.13663302576457,0.552976135433492,-0.138023720098583,-0.00573424578963456,-0.0294675631785983,-0.0280768688445852,0.00139069433401318
"WST",10,"kappa_0.3","app_sparse_hetero",7,"WST_heteroSparse",2.96291897812002,"BALANCED",511,15,33,0,1,1,5,4,FALSE,-2.83380500184421,0.140551756601574,-2.82243274687816,0.208750823811805,-2.8244088679489,0.063379216208688,-0.0113722549660515,-0.00939613389531058,0.00197612107074097
"WST",10,"kappa_0.3","app_sparse_hetero",7,"WST_heteroSparse",2.96291897812002,"BALANCED",512,16,33,0,0,0,10,4,FALSE,-0.446443674473998,0.277321541097701,-0.43948697717993,0.0655077333926457,-0.296901828989399,0.194688504411742,-0.00695669729406756,-0.149541845484599,-0.142585148190531
"WST",10,"kappa_0.3","app_sparse_hetero",7,"WST_heteroSparse",2.96291897812002,"BALANCED",513,17,33,0,0,0,5,4,FALSE,-0.200246802220988,0.0076298345322409,-0.193900875690058,0.513871663111736,-0.187283904471475,0.159711327578005,-0.0063459265309298,-0.0129628977495129,-0.00661697121858307
"WST",10,"kappa_0.3","app_sparse_hetero",7,"WST_heteroSparse",2.96291897812002,"BALANCED",514,18,33,0,0,0,9,4,FALSE,-0.125250263182627,0.134710171406884,-0.144642361618922,0.141756997173509,-0.228383043541119,-0.0418883244988952,0.0193920984362945,0.103132780358492,0.0837406819221975
"WST",10,"kappa_0.3","app_sparse_hetero",7,"WST_heteroSparse",2.96291897812002,"BALANCED",515,19,33,0,0,0,8,4,FALSE,-0.374656343606744,0.113562908001625,-0.41297667285305,0.207096398930341,-0.411953851434019,0.253343604013784,0.0383203292463064,0.037297507827275,-0.00102282141903132
"WST",10,"kappa_0.3","app_sparse_hetero",7,"WST_heteroSparse",2.96291897812002,"BALANCED",516,20,33,0,0,0,1,4,FALSE,-0.196840141174906,0.258217641296991,-0.147920136855518,0.565653970669861,-0.153767059467493,0.183366771905977,-0.0489200043193883,-0.043073081707413,0.00584692261197528
"WST",10,"kappa_0.3","app_sparse_hetero",7,"WST_heteroSparse",2.96291897812002,"BALANCED",517,21,33,0,1,1,1,4,FALSE,-3.96631738487281,0.603798478080784,-5.26188590756161,0.447033197219119,-3.67844531444293,0.31065564038216,1.2955685226888,-0.287872070429874,-1.58344059311868
"WST",10,"kappa_0.3","app_sparse_hetero",7,"WST_heteroSparse",2.96291897812002,"BALANCED",518,22,33,0,0,0,7,4,FALSE,-0.294974272843259,0.292770828193586,-0.335111350642572,0.275962749895486,-0.309052242175322,0.231028419719167,0.0401370777993133,0.014077969332063,-0.0260591084672503
"WST",10,"kappa_0.3","app_sparse_hetero",7,"WST_heteroSparse",2.96291897812002,"BALANCED",519,23,33,0,0,0,5,4,FALSE,-0.169643975264337,0.34226120837904,-0.154384364256204,0.0286465128631552,-0.158712084656337,0.211258422987379,-0.0152596110081333,-0.0109318906080009,0.00432772040013241
"WST",10,"kappa_0.3","app_sparse_hetero",7,"WST_heteroSparse",2.96291897812002,"BALANCED",520,24,33,0,0,0,1,4,FALSE,-0.219296345313393,0.127991804859512,-0.166129529208384,0.512702167142008,-0.172545547923721,0.120576154422899,-0.0531668161050085,-0.0467507973896719,0.00641601871533659
"WST",10,"kappa_0.3","app_sparse_hetero",7,"WST_heteroSparse",2.96291897812002,"BALANCED",521,25,33,0,0,0,10,4,FALSE,-0.266549598540118,0.150093949066791,-0.25665070139074,0.167090575310114,-0.225382251246602,-0.0438353722779368,-0.00989889714937853,-0.0411673472935163,-0.0312684501441378
"WST",10,"kappa_0.3","app_sparse_hetero",7,"WST_heteroSparse",2.96291897812002,"BALANCED",522,26,33,0,0,0,2,4,FALSE,-0.603105137853631,0.136596546136251,-0.662762508731078,0.0718607528809209,-0.661595842470026,0.200667486881857,0.0596573708774475,0.0584907046163954,-0.00116666626105211
"WST",10,"kappa_0.3","app_sparse_hetero",7,"WST_heteroSparse",2.96291897812002,"BALANCED",523,27,33,0,0,0,2,4,FALSE,-0.410252973357768,0.315299823468483,-0.444679334000543,0.250408250984131,-0.437998295386245,0.21228739027056,0.034426360642775,0.0277453220284762,-0.00668103861429881
"WST",10,"kappa_0.3","app_sparse_hetero",7,"WST_heteroSparse",2.96291897812002,"BALANCED",524,28,33,0,0,0,6,4,FALSE,-0.373561823703398,0.182314473146488,-0.378094112468941,0.366171410597371,-0.343525462153062,0.287600027773677,0.00453228876554324,-0.0300363615503354,-0.0345686503158786
"WST",10,"kappa_0.3","app_sparse_hetero",7,"WST_heteroSparse",2.96291897812002,"BALANCED",525,29,33,0,1,1,7,4,FALSE,-1.69201077794407,-0.0976837826469813,-1.58116856853634,0.0137391966056388,-1.59337773094762,-0.0231452032703115,-0.110842209407738,-0.0986330469964578,0.0122091624112803
"WST",10,"kappa_0.3","app_sparse_hetero",7,"WST_heteroSparse",2.96291897812002,"BALANCED",526,30,33,0,0,0,8,4,FALSE,-0.130816773534456,0.184134469511006,-0.154219840495876,0.0986474119692359,-0.234103932882769,-0.122664781628087,0.0234030669614196,0.103287159348313,0.0798840923868935
"WST",10,"kappa_0.3","app_sparse_hetero",7,"WST_heteroSparse",2.96291897812002,"BALANCED",527,31,33,0,0,0,7,4,FALSE,-0.351138507929314,0.270504805187069,-0.313243169103561,0.127107085663763,-0.33535448201747,-0.155564829997084,-0.037895338825753,-0.0157840259118442,0.0221113129139088
"WST",10,"kappa_0.3","app_sparse_hetero",7,"WST_heteroSparse",2.96291897812002,"BALANCED",528,32,33,0,0,0,4,4,TRUE,-0.20275325914333,0.721218072829479,-0.181440637335993,0.0867942078531197,-0.181365097001168,0.0886026520151917,-0.0213126218073372,-0.0213881621421619,-7.55403348247086e-05
"WST",10,"kappa_0.3","app_sparse_hetero",7,"WST_heteroSparse",2.96291897812002,"BALANCED",529,1,34,0,0,0,2,6,FALSE,-0.291508131321458,-0.0387630515489782,-0.318554392641649,0.0540247341295161,-0.283516105069012,-0.0592748434127351,0.0270462613201907,-0.00799202625244622,-0.0350382875726369
"WST",10,"kappa_0.3","app_sparse_hetero",7,"WST_heteroSparse",2.96291897812002,"BALANCED",530,2,34,0,1,1,9,6,FALSE,-1.78253478292067,0.2526855386521,-1.8313747721255,0.157290066378666,-1.84151483103233,0.104528470460091,0.048839989204823,0.0589800481116534,0.0101400589068303
"WST",10,"kappa_0.3","app_sparse_hetero",7,"WST_heteroSparse",2.96291897812002,"BALANCED",531,3,34,0,0,0,1,6,FALSE,-0.34177238174179,0.265978103199644,-0.383665013589543,0.322843574422466,-0.32930271794096,0.0557563995691213,0.0418926318477535,-0.0124696638008297,-0.0543622956485832
"WST",10,"kappa_0.3","app_sparse_hetero",7,"WST_heteroSparse",2.96291897812002,"BALANCED",532,4,34,0,1,1,8,6,FALSE,-2.2017699592091,0.186976808551772,-2.02976892590354,0.406908852069178,-2.4088690053028,0.412986704126281,-0.172001033305562,0.207099046093699,0.379100079399261
"WST",10,"kappa_0.3","app_sparse_hetero",7,"WST_heteroSparse",2.96291897812002,"BALANCED",533,5,34,0,1,1,7,6,FALSE,-2.51650865794012,0.973520155788189,-2.20127209842503,0.826991840788372,-2.42853953390187,0.61245343916983,-0.315236559515086,-0.0879691240382519,0.227267435476834
"WST",10,"kappa_0.3","app_sparse_hetero",7,"WST_heteroSparse",2.96291897812002,"BALANCED",534,6,34,0,0,0,4,6,FALSE,-0.368315461339363,0.139287263668908,-0.423285407726848,0.176640141164555,-0.404131636183,0.196233452667017,0.0549699463874846,0.035816174843637,-0.0191537715438477
"WST",10,"kappa_0.3","app_sparse_hetero",7,"WST_heteroSparse",2.96291897812002,"BALANCED",535,7,34,0,0,0,6,6,TRUE,-0.247519053978352,0.0642601302751514,-0.240517954723956,0.331418123516885,-0.230004363722106,0.132723863900312,-0.00700109925439563,-0.0175146902562462,-0.0105135910018506
"WST",10,"kappa_0.3","app_sparse_hetero",7,"WST_heteroSparse",2.96291897812002,"BALANCED",536,8,34,0,0,0,9,6,FALSE,-0.185299832971957,0.320548606038612,-0.165675141401095,0.327631291725042,-0.148303660920364,0.460317155239721,-0.0196246915708622,-0.0369961720515928,-0.0173714804807306
"WST",10,"kappa_0.3","app_sparse_hetero",7,"WST_heteroSparse",2.96291897812002,"BALANCED",537,9,34,0,0,0,3,6,FALSE,-0.277129557607542,0.219462942052939,-0.246257763337423,0.114277436491867,-0.341289672750454,-0.025571134172251,-0.0308717942701184,0.0641601151429123,0.0950319094130307
"WST",10,"kappa_0.3","app_sparse_hetero",7,"WST_heteroSparse",2.96291897812002,"BALANCED",538,10,34,0,0,0,3,6,FALSE,-0.292926678590024,0.284422124500764,-0.252803769265577,-0.130482276117677,-0.356165164348225,-0.178517616565787,-0.0401229093244471,0.0632384857582009,0.103361395082648
"WST",10,"kappa_0.3","app_sparse_hetero",7,"WST_heteroSparse",2.96291897812002,"BALANCED",539,11,34,0,1,1,9,6,FALSE,-1.90288654024875,0.0751616297723842,-1.95245137092231,0.0655874186314587,-1.97584069359275,0.0647338124176207,0.0495648306735594,0.072954153344007,0.0233893226704476
"WST",10,"kappa_0.3","app_sparse_hetero",7,"WST_heteroSparse",2.96291897812002,"BALANCED",540,12,34,0,0,0,6,6,TRUE,-0.232995362556642,0.128486962702072,-0.231206995923263,0.485463840108856,-0.206434418325334,0.0617309131338943,-0.00178836663337911,-0.0265609442313082,-0.0247725775979291
"WST",10,"kappa_0.3","app_sparse_hetero",7,"WST_heteroSparse",2.96291897812002,"BALANCED",541,13,34,0,0,0,7,6,FALSE,-0.233201824263268,0.18255470929034,-0.231603684019605,0.06666008358099,-0.198339244964226,0.0924720650766888,-0.00159814024366245,-0.034862579299042,-0.0332644390553796
"WST",10,"kappa_0.3","app_sparse_hetero",7,"WST_heteroSparse",2.96291897812002,"BALANCED",542,14,34,0,0,0,1,6,FALSE,-0.40378495429696,0.322426251828126,-0.43365400305608,0.311338632269955,-0.361830221558535,0.185105495077427,0.02986904875912,-0.0419547327384251,-0.0718237814975451
"WST",10,"kappa_0.3","app_sparse_hetero",7,"WST_heteroSparse",2.96291897812002,"BALANCED",543,15,34,0,0,0,5,6,FALSE,-0.249492415427516,0.173169925362212,-0.284465521842282,0.224737753777117,-0.273112685149007,-0.0484567387900463,0.0349731064147667,0.0236202697214916,-0.0113528366932751
"WST",10,"kappa_0.3","app_sparse_hetero",7,"WST_heteroSparse",2.96291897812002,"BALANCED",544,16,34,0,0,0,10,6,FALSE,-0.188643740520548,0.274898128371702,-0.208608580845306,0.111516008022789,-0.202243816418138,0.170258478723282,0.0199648403247581,0.0136000758975898,-0.00636476442716827
"WST",10,"kappa_0.3","app_sparse_hetero",7,"WST_heteroSparse",2.96291897812002,"BALANCED",545,17,34,0,0,0,5,6,FALSE,-0.290008900539951,-0.00907709967011588,-0.335610851815828,0.16779962623961,-0.3188784290998,-0.0106436003085759,0.0456019512758763,0.0288695285598486,-0.0167324227160277
"WST",10,"kappa_0.3","app_sparse_hetero",7,"WST_heteroSparse",2.96291897812002,"BALANCED",546,18,34,0,0,0,9,6,FALSE,-0.203525637761825,0.221625935811914,-0.184607299390456,0.242286199868197,-0.167765460077618,0.325645289308199,-0.0189183383713685,-0.0357601776842067,-0.0168418393128382
"WST",10,"kappa_0.3","app_sparse_hetero",7,"WST_heteroSparse",2.96291897812002,"BALANCED",547,19,34,0,0,0,8,6,FALSE,-0.287428879027344,0.156739580751989,-0.268012945641028,0.327213436215248,-0.245649810777349,-0.0800339195664819,-0.0194159333863162,-0.0417790682499959,-0.0223631348636797
"WST",10,"kappa_0.3","app_sparse_hetero",7,"WST_heteroSparse",2.96291897812002,"BALANCED",548,20,34,1,0,1,1,6,FALSE,-1.60631061189531,0.322545972314624,-1.3984599431738,0.34476014922238,-1.66450655397593,0.185850475296813,-0.207850668721514,0.0581959420806202,0.266046610802134
"WST",10,"kappa_0.3","app_sparse_hetero",7,"WST_heteroSparse",2.96291897812002,"BALANCED",549,21,34,1,0,1,1,6,FALSE,-1.57797271641061,0.122755138546255,-1.44391045527047,0.418149949603375,-1.62491991632316,0.292258318409351,-0.134062261140142,0.0469471999125508,0.181009461052692
"WST",10,"kappa_0.3","app_sparse_hetero",7,"WST_heteroSparse",2.96291897812002,"BALANCED",550,22,34,0,0,0,7,6,FALSE,-0.232563773668719,0.437876425966433,-0.217443137456135,0.403252695135076,-0.197899240524525,0.32120751578259,-0.0151206362125844,-0.0346645331441939,-0.0195438969316095
"WST",10,"kappa_0.3","app_sparse_hetero",7,"WST_heteroSparse",2.96291897812002,"BALANCED",551,23,34,1,0,1,5,6,FALSE,-1.89596559244759,0.488523530107541,-1.76456625150315,0.410572218725721,-1.92273049946811,0.026451259230734,-0.131399340944438,0.0267649070205156,0.158164247964954
"WST",10,"kappa_0.3","app_sparse_hetero",7,"WST_heteroSparse",2.96291897812002,"BALANCED",552,24,34,0,0,0,1,6,FALSE,-0.459479136795565,0.226866260861498,-0.536667058214603,0.362442111114417,-0.44962740974655,0.00497951515943529,0.0771879214190383,-0.00985172704901505,-0.0870396484680533
"WST",10,"kappa_0.3","app_sparse_hetero",7,"WST_heteroSparse",2.96291897812002,"BALANCED",553,25,34,0,0,0,10,6,FALSE,-0.134774582807508,0.238939433977164,-0.139964553565799,0.273705186203889,-0.140820178100845,0.191096477300722,0.00518997075829031,0.0060455952933367,0.000855624535046395
"WST",10,"kappa_0.3","app_sparse_hetero",7,"WST_heteroSparse",2.96291897812002,"BALANCED",554,26,34,0,0,0,2,6,FALSE,-0.3195028067818,0.235249528491301,-0.287702133902009,0.256912767315902,-0.381314522834597,0.0306563993269381,-0.0318006728797915,0.0618117160527962,0.0936123889325877
"WST",10,"kappa_0.3","app_sparse_hetero",7,"WST_heteroSparse",2.96291897812002,"BALANCED",555,27,34,0,0,0,2,6,FALSE,-0.220771772212524,0.0764784458538482,-0.194511832711687,0.0450024293121165,-0.257582942435392,0.0913641493325818,-0.0262599395008367,0.036811170222868,0.0630711097237047
"WST",10,"kappa_0.3","app_sparse_hetero",7,"WST_heteroSparse",2.96291897812002,"BALANCED",556,28,34,0,0,0,6,6,TRUE,-0.21962207369809,0.270413773165675,-0.226001322373149,0.242975576376759,-0.208840714933144,-0.127204433440466,0.00637924867505912,-0.0107813587649455,-0.0171606074400046
"WST",10,"kappa_0.3","app_sparse_hetero",7,"WST_heteroSparse",2.96291897812002,"BALANCED",557,29,34,0,0,0,7,6,FALSE,-0.231219095703215,0.0413361997194938,-0.232158569997265,0.136434834151525,-0.199924735111908,0.1066862186885,0.00093947429404917,-0.031294360591307,-0.0322338348853561
"WST",10,"kappa_0.3","app_sparse_hetero",7,"WST_heteroSparse",2.96291897812002,"BALANCED",558,30,34,0,0,0,8,6,FALSE,-0.220582302041563,0.25797451983781,-0.200207144980058,0.234395046067135,-0.173337681982567,0.191642803710742,-0.0203751570615047,-0.0472446200589953,-0.0268694629974906
"WST",10,"kappa_0.3","app_sparse_hetero",7,"WST_heteroSparse",2.96291897812002,"BALANCED",559,31,34,0,0,0,7,6,FALSE,-0.304967076831669,0.0760819833287063,-0.306400964665166,0.259213414988214,-0.269161135276239,-0.120974922297129,0.00143388783349607,-0.0358059415554308,-0.0372398293889269
"WST",10,"kappa_0.3","app_sparse_hetero",7,"WST_heteroSparse",2.96291897812002,"BALANCED",560,32,34,0,0,0,4,6,FALSE,-0.288706687779131,-0.0862218278526199,-0.327701109828173,-0.0300596505945827,-0.314705383084926,-0.285863215400905,0.0389944220490426,0.0259986953057947,-0.0129957267432479
"WST",10,"kappa_0.3","app_sparse_hetero",7,"WST_heteroSparse",2.96291897812002,"BALANCED",561,33,34,0,0,0,4,6,FALSE,-0.295075855743759,0.208488118840003,-0.337468261228348,0.275234535421956,-0.323284045040874,-0.00935668087699415,0.0423924054845886,0.0282081892971151,-0.0141842161874735
"WST",10,"kappa_0.3","app_sparse_hetero",7,"WST_heteroSparse",2.96291897812002,"BALANCED",562,1,35,0,0,0,2,3,FALSE,-0.258646565516245,0.238810229029158,-0.265772045260908,0.278861227611641,-0.255536654448924,0.236960180775813,0.00712547974466293,-0.00310991106732139,-0.0102353908119843
"WST",10,"kappa_0.3","app_sparse_hetero",7,"WST_heteroSparse",2.96291897812002,"BALANCED",563,2,35,0,0,0,9,3,FALSE,-0.305277643422608,0.138334550250928,-0.384412485648791,0.213415678436441,-0.509848259761069,-0.1155985503652,0.0791348422261828,0.204570616338462,0.125435774112279
"WST",10,"kappa_0.3","app_sparse_hetero",7,"WST_heteroSparse",2.96291897812002,"BALANCED",564,3,35,0,0,0,1,3,FALSE,-0.303385557448494,0.528208691731261,-0.313829822303617,0.541452909837669,-0.282255049555895,0.0562516664911686,0.0104442648551233,-0.0211305078925994,-0.0315747727477227
"WST",10,"kappa_0.3","app_sparse_hetero",7,"WST_heteroSparse",2.96291897812002,"BALANCED",565,4,35,0,1,1,8,3,FALSE,-1.39597066749429,0.242797715148773,-1.29177906665967,0.174763253204749,-1.40600172275226,-0.0140723218815904,-0.104191600834622,0.0100310552579623,0.114222656092585
"WST",10,"kappa_0.3","app_sparse_hetero",7,"WST_heteroSparse",2.96291897812002,"BALANCED",566,5,35,0,0,0,7,3,FALSE,-0.481888621424921,0.0388636543584375,-0.53957783232392,0.305623038772761,-0.479096372982581,0.198746318480356,0.0576892108989986,-0.00279224844233994,-0.0604814593413385
"WST",10,"kappa_0.3","app_sparse_hetero",7,"WST_heteroSparse",2.96291897812002,"BALANCED",567,6,35,0,3,3,4,3,FALSE,-3.53129092101241,0.467123646380048,-3.5425284898233,0.209202380658372,-3.67819217749471,0.384990600803655,0.0112375688108877,0.146901256482304,0.135663687671416
"WST",10,"kappa_0.3","app_sparse_hetero",7,"WST_heteroSparse",2.96291897812002,"BALANCED",568,7,35,0,0,0,6,3,FALSE,-0.332692550710312,0.125674796378348,-0.323380421359018,0.13302917457583,-0.439047898680843,0.0625353733461033,-0.00931212935129366,0.106355347970531,0.115667477321825
"WST",10,"kappa_0.3","app_sparse_hetero",7,"WST_heteroSparse",2.96291897812002,"BALANCED",569,8,35,0,0,0,9,3,FALSE,-0.202695982465348,0.173886958487733,-0.247890465784987,-0.057903489158308,-0.320560277305939,0.147193425964191,0.0451944833196398,0.117864294840591,0.0726698115209512
"WST",10,"kappa_0.3","app_sparse_hetero",7,"WST_heteroSparse",2.96291897812002,"BALANCED",570,9,35,0,0,0,3,3,TRUE,-0.272423155157765,0.143223382243815,-0.282693622113408,0.365867051677923,-0.277633110786795,0.410140279363927,0.0102704669556433,0.00520995562902993,-0.00506051132661334
"WST",10,"kappa_0.3","app_sparse_hetero",7,"WST_heteroSparse",2.96291897812002,"BALANCED",571,10,35,0,0,0,3,3,TRUE,-0.272672116633306,0.0294338631645735,-0.281903864007369,0.207436217898153,-0.289907967689937,0.432146735580106,0.00923174737406285,0.0172358510566317,0.00800410368256887
"WST",10,"kappa_0.3","app_sparse_hetero",7,"WST_heteroSparse",2.96291897812002,"BALANCED",572,11,35,0,0,0,9,3,FALSE,-0.256585391820514,0.0527572974672998,-0.328563810160873,0.154795602565131,-0.425271868396103,-0.013492481255002,0.0719784183403593,0.168686476575589,0.0967080582352295
"WST",10,"kappa_0.3","app_sparse_hetero",7,"WST_heteroSparse",2.96291897812002,"BALANCED",573,12,35,0,1,1,6,3,FALSE,-1.53816145630556,0.254303774454749,-1.43137616772905,0.0195690856794129,-1.44532286605775,0.124041457432756,-0.106785288576511,-0.0928385902478137,0.0139466983286969
"WST",10,"kappa_0.3","app_sparse_hetero",7,"WST_heteroSparse",2.96291897812002,"BALANCED",574,13,35,0,0,0,7,3,FALSE,-0.453146679747198,0.27237553108154,-0.497734936811453,0.369986940726489,-0.391609474587977,0.0418046381584608,0.0445882570642544,-0.0615372051592216,-0.106125462223476
"WST",10,"kappa_0.3","app_sparse_hetero",7,"WST_heteroSparse",2.96291897812002,"BALANCED",575,14,35,0,0,0,1,3,FALSE,-0.359951962453332,0.303946439254034,-0.354885802850947,0.583925152463394,-0.341839047274257,0.0638797698045536,-0.00506615960238488,-0.0181129151790751,-0.0130467555766902
"WST",10,"kappa_0.3","app_sparse_hetero",7,"WST_heteroSparse",2.96291897812002,"BALANCED",576,15,35,0,1,1,5,3,FALSE,-1.22398825313075,0.392897957662005,-1.23671192149078,-0.0107779316322602,-1.25680487197219,0.19506662497131,0.0127236683600289,0.0328166188414452,0.0200929504814162
"WST",10,"kappa_0.3","app_sparse_hetero",7,"WST_heteroSparse",2.96291897812002,"BALANCED",577,16,35,0,1,1,10,3,FALSE,-1.19805992913231,-0.0103044903820247,-1.19025845078657,0.261311108045686,-1.36067991401149,-0.0821601056078586,-0.00780147834573253,0.162619984879182,0.170421463224915
"WST",10,"kappa_0.3","app_sparse_hetero",7,"WST_heteroSparse",2.96291897812002,"BALANCED",578,17,35,0,0,0,5,3,FALSE,-0.720636187815547,-0.0669189001523231,-0.726326947866651,0.118491834027398,-0.684868534677835,0.228677015674197,0.00569076005110425,-0.0357676531377118,-0.041458413188816
"WST",10,"kappa_0.3","app_sparse_hetero",7,"WST_heteroSparse",2.96291897812002,"BALANCED",579,18,35,0,0,0,9,3,FALSE,-0.215131152976451,0.0799498774417884,-0.270374639264158,-0.0658687540524727,-0.367677651972543,0.142891629966085,0.0552434862877069,0.152546498996093,0.0973030127083856
"WST",10,"kappa_0.3","app_sparse_hetero",7,"WST_heteroSparse",2.96291897812002,"BALANCED",580,19,35,0,1,1,8,3,FALSE,-1.40164316753972,0.266168901671001,-1.41610425497421,-0.126458055444229,-1.35333183567704,0.0378888218313581,0.0144610874344959,-0.0483113318626769,-0.0627724192971728
"WST",10,"kappa_0.3","app_sparse_hetero",7,"WST_heteroSparse",2.96291897812002,"BALANCED",581,20,35,1,0,1,1,3,FALSE,-1.6018133164451,0.574527083796938,-1.54700507043732,0.105978924909059,-1.55882147968252,0.0258416196098382,-0.0548082460077861,-0.0429918367625861,0.0118164092452
"WST",10,"kappa_0.3","app_sparse_hetero",7,"WST_heteroSparse",2.96291897812002,"BALANCED",582,21,35,0,0,0,1,3,FALSE,-0.35088361246462,0.517044731297141,-0.368336557350885,0.646981251509978,-0.371669989837632,0.14431670463173,0.0174529448862648,0.0207863773730121,0.00333343248674733
"WST",10,"kappa_0.3","app_sparse_hetero",7,"WST_heteroSparse",2.96291897812002,"BALANCED",583,22,35,0,1,1,7,3,FALSE,-1.83376271438016,0.714780048870688,-1.76765312289934,0.184932753860507,-1.5601005976459,0.814219891262864,-0.066109591480819,-0.273662116734265,-0.207552525253446
"WST",10,"kappa_0.3","app_sparse_hetero",7,"WST_heteroSparse",2.96291897812002,"BALANCED",584,23,35,0,0,0,5,3,FALSE,-0.6305277457357,0.0496362301709008,-0.610175876181923,0.259011176299719,-0.589309943234493,0.227706163651585,-0.0203518695537763,-0.0412178025012064,-0.0208659329474301
"WST",10,"kappa_0.3","app_sparse_hetero",7,"WST_heteroSparse",2.96291897812002,"BALANCED",585,24,35,2,0,2,1,3,FALSE,-3.41148279159255,0.256232665635085,-3.30975811502544,-0.0087106724463763,-3.32794172026297,0.187657059234621,-0.101724676567108,-0.0835410713295852,0.0181836052375228
"WST",10,"kappa_0.3","app_sparse_hetero",7,"WST_heteroSparse",2.96291897812002,"BALANCED",586,25,35,0,0,0,10,3,FALSE,-0.401289800950183,0.145079018873361,-0.405909352709044,0.192096890498317,-0.294314864912783,0.00756141936667355,0.00461955175886075,-0.1069749360374,-0.11159448779626
"WST",10,"kappa_0.3","app_sparse_hetero",7,"WST_heteroSparse",2.96291897812002,"BALANCED",587,26,35,0,0,0,2,3,FALSE,-0.335597578075118,0.203927789127906,-0.334610987065069,0.446161502340398,-0.314087179512969,0.431941776530036,-0.000986591010049054,-0.0215103985621496,-0.0205238075521006
"WST",10,"kappa_0.3","app_sparse_hetero",7,"WST_heteroSparse",2.96291897812002,"BALANCED",588,27,35,1,0,1,2,3,FALSE,-2.34253384668829,-0.00438788576902013,-2.4248840501524,-0.00835590575674072,-2.56293701068549,-0.127720660488711,0.082350203464113,0.220403163997205,0.138052960533092
"WST",10,"kappa_0.3","app_sparse_hetero",7,"WST_heteroSparse",2.96291897812002,"BALANCED",589,28,35,0,0,0,6,3,FALSE,-0.303054129299822,-0.273331430703588,-0.30174633909871,0.146936726968616,-0.397813826837955,0.0649703611014473,-0.00130779020111138,0.0947596975381328,0.0960674877392442
"WST",10,"kappa_0.3","app_sparse_hetero",7,"WST_heteroSparse",2.96291897812002,"BALANCED",590,29,35,0,0,0,7,3,FALSE,-0.376417405447936,0.172748899365568,-0.359670075603502,0.24779365470835,-0.388647367353172,0.0553359883567275,-0.0167473298444341,0.012229961905236,0.02897729174967
"WST",10,"kappa_0.3","app_sparse_hetero",7,"WST_heteroSparse",2.96291897812002,"BALANCED",591,30,35,0,0,0,8,3,FALSE,-0.23730026032452,0.136867525805783,-0.297995370607294,-0.021764189098633,-0.378492384284638,-0.0185152495410902,0.060695110282774,0.141192123960119,0.0804970136773449
"WST",10,"kappa_0.3","app_sparse_hetero",7,"WST_heteroSparse",2.96291897812002,"BALANCED",592,31,35,0,0,0,7,3,FALSE,-0.378662275186149,0.0316072535148157,-0.510492249318097,0.0504960162268268,-0.535083471847987,0.254973656943772,0.131829974131948,0.156421196661838,0.0245912225298897
"WST",10,"kappa_0.3","app_sparse_hetero",7,"WST_heteroSparse",2.96291897812002,"BALANCED",593,32,35,1,1,2,4,3,FALSE,-4.70452963809955,0.471901165087256,-4.39037282607836,0.275062123852294,-4.74178111098928,0.226545202084024,-0.314156812021197,0.0372514728897242,0.351408284910921
"WST",10,"kappa_0.3","app_sparse_hetero",7,"WST_heteroSparse",2.96291897812002,"BALANCED",594,33,35,0,0,0,4,3,FALSE,-0.75003336841017,0.250261502944687,-0.738187564096117,0.128803734337449,-0.691150057441842,0.176154151094439,-0.0118458043140528,-0.0588833109683282,-0.0470375066542754
"WST",10,"kappa_0.3","app_sparse_hetero",7,"WST_heteroSparse",2.96291897812002,"BALANCED",595,34,35,0,1,1,6,3,FALSE,-1.67638089081875,0.505591578651603,-1.71454311321075,0.0830504662714708,-1.47384845518359,0.125959414847922,0.0381622223919917,-0.202532435635169,-0.240694658027161
"WST",10,"kappa_0.3","app_sparse_hetero",7,"WST_heteroSparse",2.96291897812002,"BALANCED",596,1,36,0,0,0,2,5,FALSE,-0.169189446598086,0.140261183620947,-0.144434796985961,0.00835186654366173,-0.195342963032255,0.0711974085054271,-0.0247546496121247,0.0261535164341691,0.0509081660462938
"WST",10,"kappa_0.3","app_sparse_hetero",7,"WST_heteroSparse",2.96291897812002,"BALANCED",597,2,36,0,0,0,9,5,FALSE,-0.111287896835393,0.249270379617878,-0.123449618045676,0.150556569692074,-0.191837477622328,0.179984592572525,0.0121617212102834,0.0805495807869354,0.068387859576652
"WST",10,"kappa_0.3","app_sparse_hetero",7,"WST_heteroSparse",2.96291897812002,"BALANCED",598,3,36,0,0,0,1,5,FALSE,-0.11035734952433,0.137489105238038,-0.0759524726363923,0.0174533809345223,-0.133771541691849,-0.108902723584588,-0.0344048768879377,0.0234141921675191,0.0578190690554568
"WST",10,"kappa_0.3","app_sparse_hetero",7,"WST_heteroSparse",2.96291897812002,"BALANCED",599,4,36,0,0,0,8,5,FALSE,-0.184875029315414,-0.19738155916427,-0.190820161104645,0.186847972001411,-0.206937512384663,0.302686685010987,0.00594513178923073,0.0220624830692486,0.0161173512800179
"WST",10,"kappa_0.3","app_sparse_hetero",7,"WST_heteroSparse",2.96291897812002,"BALANCED",600,5,36,0,0,0,7,5,FALSE,-0.208735342298956,0.187161598964167,-0.217158233917619,0.0983008305618866,-0.243150951927769,0.140379373348194,0.00842289161866283,0.0344156096288133,0.0259927180101505
"WST",10,"kappa_0.3","app_sparse_hetero",7,"WST_heteroSparse",2.96291897812002,"BALANCED",601,6,36,0,0,0,4,5,FALSE,-0.156448548884029,0.116607326712471,-0.144607832617479,0.506092183547601,-0.142559470599543,0.205979821820279,-0.0118407162665504,-0.0138890782844863,-0.0020483620179359
"WST",10,"kappa_0.3","app_sparse_hetero",7,"WST_heteroSparse",2.96291897812002,"BALANCED",602,7,36,0,1,1,6,5,FALSE,-2.02578862113685,0.61981982081229,-1.93006226671761,0.221216683340278,-1.92650445897482,0.472628061678738,-0.0957263544192353,-0.0992841621620268,-0.00355780774279157
"WST",10,"kappa_0.3","app_sparse_hetero",7,"WST_heteroSparse",2.96291897812002,"BALANCED",603,8,36,0,0,0,9,5,FALSE,-0.0700350007887698,0.199961412397902,-0.0773003597975936,0.0968624641752594,-0.12096083346721,0.060642938907462,0.00726535900882386,0.0509258326784403,0.0436604736696165
"WST",10,"kappa_0.3","app_sparse_hetero",7,"WST_heteroSparse",2.96291897812002,"BALANCED",604,9,36,0,0,0,3,5,FALSE,-0.35374452256247,0.105737305493492,-0.347205196242059,0.0648782372716403,-0.351513728815699,0.0627930349802457,-0.00653932632041077,-0.00223079374677049,0.00430853257364028
"WST",10,"kappa_0.3","app_sparse_hetero",7,"WST_heteroSparse",2.96291897812002,"BALANCED",605,10,36,0,0,0,3,5,FALSE,-0.373856680794989,0.191034595126237,-0.367842386751021,0.0567866028678348,-0.371713518850211,0.21819226241047,-0.00601429404396825,-0.00214316194477782,0.00387113209919043
"WST",10,"kappa_0.3","app_sparse_hetero",7,"WST_heteroSparse",2.96291897812002,"BALANCED",606,11,36,0,0,0,9,5,FALSE,-0.0938286587147159,0.290356901020401,-0.103919451979452,0.163755248486601,-0.159332588816184,0.142686812323535,0.0100907932647365,0.0655039301014684,0.0554131368367319
"WST",10,"kappa_0.3","app_sparse_hetero",7,"WST_heteroSparse",2.96291897812002,"BALANCED",607,12,36,0,0,0,6,5,FALSE,-0.158048214565261,0.0647113187085505,-0.172310638046646,0.0149654615464989,-0.181302228114587,-0.0163595904864546,0.0142624234813855,0.0232540135493267,0.00899159006794115
"WST",10,"kappa_0.3","app_sparse_hetero",7,"WST_heteroSparse",2.96291897812002,"BALANCED",608,13,36,0,0,0,7,5,FALSE,-0.17944287154157,0.0722107511626981,-0.187353248909095,0.0944206249657347,-0.198915314700051,0.0988940368193495,0.00791037736752465,0.019472443158481,0.0115620657909563
"WST",10,"kappa_0.3","app_sparse_hetero",7,"WST_heteroSparse",2.96291897812002,"BALANCED",609,14,36,0,0,0,1,5,FALSE,-0.102796983377557,0.24964958914399,-0.0778423957370071,0.211222481580483,-0.0863403213811589,0.407311133299847,-0.0249545876405497,-0.0164566619963979,0.00849792564415175
"WST",10,"kappa_0.3","app_sparse_hetero",7,"WST_heteroSparse",2.96291897812002,"BALANCED",610,15,36,0,1,1,5,5,TRUE,-3.38282146480135,0.297292567253973,-3.36358932773073,0.460282458449634,-3.31001503747893,0.264644410602972,-0.0192321370706239,-0.0728064273224156,-0.0535742902517917
"WST",10,"kappa_0.3","app_sparse_hetero",7,"WST_heteroSparse",2.96291897812002,"BALANCED",611,16,36,0,0,0,10,5,FALSE,-0.252791894458438,-0.252902969339779,-0.253575532745285,-0.137248311280624,-0.17956658794635,0.113085730565614,0.000783638286846688,-0.0732253065120885,-0.0740089447989352
"WST",10,"kappa_0.3","app_sparse_hetero",7,"WST_heteroSparse",2.96291897812002,"BALANCED",612,17,36,0,1,1,5,5,TRUE,-3.21597173728511,0.467131378672359,-3.21176545604724,0.445899033350784,-3.19620751033357,0.176767471883778,-0.00420628123787203,-0.0197642269515397,-0.0155579457136676
"WST",10,"kappa_0.3","app_sparse_hetero",7,"WST_heteroSparse",2.96291897812002,"BALANCED",613,18,36,0,0,0,9,5,FALSE,-0.0774176885248457,0.314832363777781,-0.0871115228430179,0.10625964232567,-0.138080786413965,0.121246782136127,0.00969383431817228,0.0606630978891198,0.0509692635709476
"WST",10,"kappa_0.3","app_sparse_hetero",7,"WST_heteroSparse",2.96291897812002,"BALANCED",614,19,36,0,0,0,8,5,FALSE,-0.217499824118528,0.103368936763941,-0.24162784266112,0.15756369839058,-0.248056098923168,-0.134156187526016,0.0241280185425916,0.0305562748046402,0.00642825626204857
"WST",10,"kappa_0.3","app_sparse_hetero",7,"WST_heteroSparse",2.96291897812002,"BALANCED",615,20,36,0,0,0,1,5,FALSE,-0.118913588033947,0.240978413334713,-0.0854656478078404,0.460044688137054,-0.095631406662835,0.161873258008461,-0.0334479402261065,-0.0232821813711119,0.0101657588549946
"WST",10,"kappa_0.3","app_sparse_hetero",7,"WST_heteroSparse",2.96291897812002,"BALANCED",616,21,36,0,0,0,1,5,FALSE,-0.142507344289125,-0.0511605211557752,-0.107517067036056,-0.0316276553404473,-0.10570299555054,0.593822288427427,-0.034990277253069,-0.0368043487385856,-0.0018140714855166
"WST",10,"kappa_0.3","app_sparse_hetero",7,"WST_heteroSparse",2.96291897812002,"BALANCED",617,22,36,0,0,0,7,5,FALSE,-0.170837134946257,0.322364837958224,-0.196041852397823,0.0934024379192817,-0.188699429469174,0.147460688647574,0.0252047174515653,0.0178622945229163,-0.00734242292864895
"WST",10,"kappa_0.3","app_sparse_hetero",7,"WST_heteroSparse",2.96291897812002,"BALANCED",618,23,36,0,0,0,5,5,TRUE,-0.10959265817869,0.261798493811941,-0.0953116442510842,0.422095595685196,-0.0977270194645472,0.0379772196147071,-0.0142810139276062,-0.0118656387141431,0.00241537521346302
"WST",10,"kappa_0.3","app_sparse_hetero",7,"WST_heteroSparse",2.96291897812002,"BALANCED",619,24,36,0,0,0,1,5,FALSE,-0.136652647317606,0.446607999258348,-0.0953955062509833,0.432332350288911,-0.108551558271343,0.241200808873452,-0.0412571410666231,-0.0281010890462632,0.01315605202036
"WST",10,"kappa_0.3","app_sparse_hetero",7,"WST_heteroSparse",2.96291897812002,"BALANCED",620,25,36,0,0,0,10,5,FALSE,-0.151268837696048,0.157669556959006,-0.148459258505254,0.263879239419043,-0.134814580244511,0.105307379708981,-0.00280957919079494,-0.0164542574515378,-0.0136446782607429
"WST",10,"kappa_0.3","app_sparse_hetero",7,"WST_heteroSparse",2.96291897812002,"BALANCED",621,26,36,0,0,0,2,5,FALSE,-0.366338007474268,0.317264838177524,-0.385096943818098,0.079546223418285,-0.398384384936557,0.252924550259638,0.0187589363438301,0.0320463774622892,0.0132874411184591
"WST",10,"kappa_0.3","app_sparse_hetero",7,"WST_heteroSparse",2.96291897812002,"BALANCED",622,27,36,0,0,0,2,5,FALSE,-0.246358970503008,-0.127261829126603,-0.261674523776179,0.162972799157887,-0.266071157451737,0.278463793209859,0.0153155532731715,0.0197121869487296,0.00439663367555809
"WST",10,"kappa_0.3","app_sparse_hetero",7,"WST_heteroSparse",2.96291897812002,"BALANCED",623,28,36,0,0,0,6,5,FALSE,-0.216466651333272,0.196032984291948,-0.220827980349978,0.153260742407871,-0.207973308644581,0.0943649248146274,0.00436132901670572,-0.00849334268869129,-0.012854671705397
"WST",10,"kappa_0.3","app_sparse_hetero",7,"WST_heteroSparse",2.96291897812002,"BALANCED",624,29,36,0,0,0,7,5,FALSE,-0.185814952156302,0.161010491213788,-0.20515186988632,0.0657560039772827,-0.199955198941634,0.0373981757648298,0.0193369177300182,0.014140246785332,-0.00519667094468623
"WST",10,"kappa_0.3","app_sparse_hetero",7,"WST_heteroSparse",2.96291897812002,"BALANCED",625,30,36,0,0,0,8,5,FALSE,-0.0814367932276214,0.225759667798069,-0.0926275183084035,-0.00802149948739568,-0.142689054439401,0.118086343972981,0.0111907250807821,0.0612522612117798,0.0500615361309977
"WST",10,"kappa_0.3","app_sparse_hetero",7,"WST_heteroSparse",2.96291897812002,"BALANCED",626,31,36,0,0,0,7,5,FALSE,-0.21140709715273,0.0738742172145059,-0.18292615918726,0.168661364699096,-0.202438329288576,0.0233268413690554,-0.0284809379654698,-0.0089687678641539,0.0195121701013159
"WST",10,"kappa_0.3","app_sparse_hetero",7,"WST_heteroSparse",2.96291897812002,"BALANCED",627,32,36,0,0,0,4,5,FALSE,-0.128070605442032,0.499368411206234,-0.109034955405667,0.0802394530790831,-0.112386889148285,0.187055837497244,-0.0190356500363649,-0.0156837162937471,0.00335193374261777
"WST",10,"kappa_0.3","app_sparse_hetero",7,"WST_heteroSparse",2.96291897812002,"BALANCED",628,33,36,0,0,0,4,5,FALSE,-0.127425599804157,0.272374355829175,-0.117327331606855,0.214114098889978,-0.114336504500478,-0.0533515959491346,-0.0100982681973019,-0.0130890953036786,-0.00299082710637677
"WST",10,"kappa_0.3","app_sparse_hetero",7,"WST_heteroSparse",2.96291897812002,"BALANCED",629,34,36,0,0,0,6,5,FALSE,-0.173696873149762,-0.0950491791724998,-0.198031674178779,0.121875125845326,-0.194368850159267,0.0121501552110234,0.024334801029017,0.0206719770095054,-0.00366282401951157
"WST",10,"kappa_0.3","app_sparse_hetero",7,"WST_heteroSparse",2.96291897812002,"BALANCED",630,35,36,0,0,0,3,5,FALSE,-0.435409870293292,0.194601247347268,-0.424811723106354,0.0933153167686568,-0.418013568531171,0.137216434864146,-0.010598147186939,-0.0173963017621217,-0.00679815457518274
"WST",10,"kappa_0.3","app_sparse_hetero",7,"WST_heteroSparse",2.96291897812002,"BALANCED",631,1,37,0,0,0,2,7,FALSE,-0.325560696691638,0.13158233663137,-0.347372025843515,0.185877351021778,-0.318030092135,0.361290593628175,0.0218113291518769,-0.00753060455663768,-0.0293419337085146
"WST",10,"kappa_0.3","app_sparse_hetero",7,"WST_heteroSparse",2.96291897812002,"BALANCED",632,2,37,0,0,0,9,7,FALSE,-0.261503980000376,0.118141735811966,-0.26878194820899,0.425144612627945,-0.252476148690387,0.326880111569388,0.00727796820861393,-0.00902783130998941,-0.0163057995186033
"WST",10,"kappa_0.3","app_sparse_hetero",7,"WST_heteroSparse",2.96291897812002,"BALANCED",633,3,37,0,0,0,1,7,FALSE,-0.416346634495638,0.305412787059899,-0.429376497884442,0.578663238553392,-0.371124612600339,0.339058445122285,0.0130298633888035,-0.0452220218952988,-0.0582518852841023
"WST",10,"kappa_0.3","app_sparse_hetero",7,"WST_heteroSparse",2.96291897812002,"BALANCED",634,4,37,0,0,0,8,7,FALSE,-0.276619630608624,0.432846604292185,-0.271698563552814,0.199622365882174,-0.228265718012225,0.0513802043908747,-0.00492106705581019,-0.048353912596399,-0.0434328455405888
"WST",10,"kappa_0.3","app_sparse_hetero",7,"WST_heteroSparse",2.96291897812002,"BALANCED",635,5,37,0,0,0,7,7,TRUE,-0.300173077449253,0.241803434441072,-0.29892892229413,-0.107922316412662,-0.258794600185327,0.274311470661943,-0.00124415515512322,-0.0413784772639261,-0.0401343221088029
"WST",10,"kappa_0.3","app_sparse_hetero",7,"WST_heteroSparse",2.96291897812002,"BALANCED",636,6,37,1,0,1,4,7,FALSE,-1.43248038193998,0.273080154195297,-1.37283895143676,0.228197687011649,-1.5225543080591,0.87688606260497,-0.0596414305032198,0.0900739261191177,0.149715356622337
"WST",10,"kappa_0.3","app_sparse_hetero",7,"WST_heteroSparse",2.96291897812002,"BALANCED",637,7,37,0,0,0,6,7,FALSE,-0.345659043427354,0.531484261945414,-0.265343909567515,0.340280881237134,-0.23763006794287,0.150423332341976,-0.0803151338598385,-0.108028975484483,-0.027713841624645
"WST",10,"kappa_0.3","app_sparse_hetero",7,"WST_heteroSparse",2.96291897812002,"BALANCED",638,8,37,0,0,0,9,7,FALSE,-0.167564208672912,0.378795345998745,-0.172820206668245,0.233096397248504,-0.162376475880943,0.485991819484368,0.00525599799533261,-0.0051877327919696,-0.0104437307873022
"WST",10,"kappa_0.3","app_sparse_hetero",7,"WST_heteroSparse",2.96291897812002,"BALANCED",639,9,37,0,0,0,3,7,FALSE,-0.244830422857463,0.237561371216003,-0.247027248449213,0.0938157075169893,-0.340223815101837,0.081626207600148,0.00219682559175016,0.0953933922443735,0.0931965666526233
"WST",10,"kappa_0.3","app_sparse_hetero",7,"WST_heteroSparse",2.96291897812002,"BALANCED",640,10,37,0,0,0,3,7,FALSE,-0.251622758147064,0.204073886565891,-0.251194697204138,0.0825138258679959,-0.356023555379048,0.229318184373852,-0.00042806094292569,0.104400797231984,0.10482885817491
"WST",10,"kappa_0.3","app_sparse_hetero",7,"WST_heteroSparse",2.96291897812002,"BALANCED",641,11,37,0,0,0,9,7,FALSE,-0.222522874076607,0.266965131739209,-0.231458223920416,0.160107081695313,-0.21251088863182,0.217926791005933,0.00893534984380917,-0.0100119854447875,-0.0189473352885967
"WST",10,"kappa_0.3","app_sparse_hetero",7,"WST_heteroSparse",2.96291897812002,"BALANCED",642,12,37,0,0,0,6,7,FALSE,-0.232828181992158,0.0703036067388259,-0.231973279968019,0.0874574400775465,-0.214288564280676,0.0752580004861594,-0.000854902024138404,-0.0185396177114816,-0.0176847156873432
"WST",10,"kappa_0.3","app_sparse_hetero",7,"WST_heteroSparse",2.96291897812002,"BALANCED",643,13,37,0,0,0,7,7,TRUE,-0.236598763510421,0.135924372616682,-0.237548661457105,0.198199752795432,-0.201998457413266,0.0981233389582435,0.00094989794668443,-0.0346003060971549,-0.0355502040438394
"WST",10,"kappa_0.3","app_sparse_hetero",7,"WST_heteroSparse",2.96291897812002,"BALANCED",644,14,37,1,1,2,1,7,FALSE,-4.63016806878703,0.535427619790059,-5.65997602920116,0.341594607755363,-4.77829586079261,0.0786409972491084,1.02980796041413,0.148127792005583,-0.881680168408546
"WST",10,"kappa_0.3","app_sparse_hetero",7,"WST_heteroSparse",2.96291897812002,"BALANCED",645,15,37,0,0,0,5,7,FALSE,-0.315405385274145,0.113573979825758,-0.325336431016988,0.278447221460921,-0.294770403975729,0.108805592374233,0.00993104574284231,-0.0206349812984161,-0.0305660270412584
"WST",10,"kappa_0.3","app_sparse_hetero",7,"WST_heteroSparse",2.96291897812002,"BALANCED",646,16,37,0,0,0,10,7,FALSE,-0.228825807778999,0.254790239856643,-0.219077313462684,-0.0897066950908129,-0.216310545052495,0.12169596435841,-0.00974849431631508,-0.0125152627265042,-0.00276676841018908
"WST",10,"kappa_0.3","app_sparse_hetero",7,"WST_heteroSparse",2.96291897812002,"BALANCED",647,17,37,0,0,0,5,7,FALSE,-0.380011591939685,0.0316582982646073,-0.381913485953238,0.129286455226675,-0.345610869604512,0.175836872390513,0.00190189401355223,-0.0344007223351737,-0.0363026163487259
"WST",10,"kappa_0.3","app_sparse_hetero",7,"WST_heteroSparse",2.96291897812002,"BALANCED",648,18,37,0,0,0,9,7,FALSE,-0.187911093846917,0.338643512352422,-0.191742974912686,0.305067876515688,-0.184137470500782,0.174483595231353,0.00383188106576959,-0.00377362334613451,-0.00760550441190411
"WST",10,"kappa_0.3","app_sparse_hetero",7,"WST_heteroSparse",2.96291897812002,"BALANCED",649,19,37,0,0,0,8,7,FALSE,-0.289067696405056,0.189627069819554,-0.275649461310498,0.0240219349413191,-0.250255735364902,0.137690222175299,-0.0134182350945586,-0.0388119610401549,-0.0253937259455963
"WST",10,"kappa_0.3","app_sparse_hetero",7,"WST_heteroSparse",2.96291897812002,"BALANCED",650,20,37,1,0,1,1,7,FALSE,-1.50087077984851,0.0710924543794539,-1.31042169101492,-0.103289390409137,-1.52526423830056,-0.0147456264521873,-0.190449088833593,0.0243934584520513,0.214842547285644
"WST",10,"kappa_0.3","app_sparse_hetero",7,"WST_heteroSparse",2.96291897812002,"BALANCED",651,21,37,2,0,2,1,7,FALSE,-3.43432556776336,0.661830267637378,-3.12672715519401,0.59051297822396,-3.35540400866615,0.448270020877936,-0.307598412569345,-0.0789215590972105,0.228676853472135
"WST",10,"kappa_0.3","app_sparse_hetero",7,"WST_heteroSparse",2.96291897812002,"BALANCED",652,22,37,0,1,1,7,7,TRUE,-2.51825465281431,0.32833101566393,-2.61261521830814,0.699486900913242,-2.81605615238329,0.989434442959278,0.0943605654938295,0.297801499568981,0.203440934075152
"WST",10,"kappa_0.3","app_sparse_hetero",7,"WST_heteroSparse",2.96291897812002,"BALANCED",653,23,37,0,0,0,5,7,FALSE,-0.330707199628388,0.0326223919247734,-0.317182245167209,0.165799691229335,-0.297813058443984,0.163538356842194,-0.0135249544611789,-0.0328941411844035,-0.0193691867232246
"WST",10,"kappa_0.3","app_sparse_hetero",7,"WST_heteroSparse",2.96291897812002,"BALANCED",654,24,37,1,0,1,1,7,FALSE,-1.44844567632251,-0.0538002828018757,-1.24320196793923,0.134204975156194,-1.45045259222981,0.337093893995508,-0.205243708383286,0.0020069159072964,0.207250624290582
"WST",10,"kappa_0.3","app_sparse_hetero",7,"WST_heteroSparse",2.96291897812002,"BALANCED",655,25,37,0,0,0,10,7,FALSE,-0.151480565332696,0.132270448021575,-0.145660022858878,0.0594911453931063,-0.145145309874566,0.0784276419663212,-0.00582054247381869,-0.00633525545813018,-0.000514712984311494
"WST",10,"kappa_0.3","app_sparse_hetero",7,"WST_heteroSparse",2.96291897812002,"BALANCED",656,26,37,0,0,0,2,7,FALSE,-0.325175053420243,0.0185746887970458,-0.284722137957758,0.180432838912891,-0.382379981716001,0.133661954531948,-0.0404529154624855,0.0572049282957581,0.0976578437582436
"WST",10,"kappa_0.3","app_sparse_hetero",7,"WST_heteroSparse",2.96291897812002,"BALANCED",657,27,37,0,0,0,2,7,FALSE,-0.227869253083128,0.119523772807257,-0.194997145142392,0.282217308230578,-0.256706324278771,0.0276119217184443,-0.0328721079407357,0.0288370711956434,0.0617091791363791
"WST",10,"kappa_0.3","app_sparse_hetero",7,"WST_heteroSparse",2.96291897812002,"BALANCED",658,28,37,1,0,1,6,7,FALSE,-2.54926313526104,0.341128319551543,-2.57240676627152,0.671736870523127,-2.67467707236204,0.693198787642153,0.0231436310104831,0.125413937101001,0.102270306090518
"WST",10,"kappa_0.3","app_sparse_hetero",7,"WST_heteroSparse",2.96291897812002,"BALANCED",659,29,37,0,0,0,7,7,TRUE,-0.23569673783036,0.207198780258448,-0.244626852355895,0.523270986146059,-0.203927286910893,0.098363287552676,0.00893011452553427,-0.0317694509194668,-0.0406995654450011
"WST",10,"kappa_0.3","app_sparse_hetero",7,"WST_heteroSparse",2.96291897812002,"BALANCED",660,30,37,0,0,0,8,7,FALSE,-0.197518322882487,0.176000510558881,-0.208348266151798,0.327992422995552,-0.188199846950575,0.312968437878008,0.0108299432693109,-0.00931847593191293,-0.0201484192012238
"WST",10,"kappa_0.3","app_sparse_hetero",7,"WST_heteroSparse",2.96291897812002,"BALANCED",661,31,37,0,0,0,7,7,TRUE,-0.321130444533128,0.195365470010259,-0.323495375684215,0.213686879665912,-0.286277806917234,0.191783983202607,0.00236493115108694,-0.0348526376158933,-0.0372175687669802
"WST",10,"kappa_0.3","app_sparse_hetero",7,"WST_heteroSparse",2.96291897812002,"BALANCED",662,32,37,1,0,1,4,7,FALSE,-1.59373815102745,0.137232508753934,-1.5445370473787,0.14639847192257,-1.68100537205534,0.828649850656851,-0.0492011036487554,0.0872672210278935,0.136468324676649
"WST",10,"kappa_0.3","app_sparse_hetero",7,"WST_heteroSparse",2.96291897812002,"BALANCED",663,33,37,0,0,0,4,7,FALSE,-0.3818011103087,0.208717529297733,-0.384256201111604,0.03747566820409,-0.348512741116887,0.0707352005961865,0.00245509080290329,-0.0332883691918129,-0.0357434599947162
"WST",10,"kappa_0.3","app_sparse_hetero",7,"WST_heteroSparse",2.96291897812002,"BALANCED",664,34,37,0,0,0,6,7,FALSE,-0.242317809927837,0.207700422609574,-0.237603668545999,0.346142657192502,-0.218996098990681,0.23352217588519,-0.00471414138183768,-0.0233217109371555,-0.0186075695553178
"WST",10,"kappa_0.3","app_sparse_hetero",7,"WST_heteroSparse",2.96291897812002,"BALANCED",665,35,37,0,0,0,3,7,FALSE,-0.302906659137296,0.180949633799405,-0.301836910321847,0.136320925376051,-0.401922819898219,0.362741709560472,-0.00106974881544897,0.0990161607609226,0.100085909576372
"WST",10,"kappa_0.3","app_sparse_hetero",7,"WST_heteroSparse",2.96291897812002,"BALANCED",666,36,37,0,0,0,5,7,FALSE,-0.221039568606303,0.0844677517520224,-0.2273060848343,0.0210489743716088,-0.210449586773173,0.131400698717745,0.00626651622799734,-0.0105899818331299,-0.0168564980611272
"WST",10,"kappa_0.3","app_sparse_hetero",7,"WST_heteroSparse",2.96291897812002,"BALANCED",667,1,38,0,0,0,2,9,FALSE,-0.265288337326807,0.366633433133886,-0.257625757051563,-0.08478678174802,-0.255695137039664,0.139083448790459,-0.00766258027524458,-0.00959320028714306,-0.00193062001189848
"WST",10,"kappa_0.3","app_sparse_hetero",7,"WST_heteroSparse",2.96291897812002,"BALANCED",668,2,38,0,0,0,9,9,TRUE,-1.00254537631965,0.132462016953202,-0.869117734047747,0.478836041961218,-0.44875751405309,0.108379582221123,-0.133427642271902,-0.553787862266559,-0.420360219994658
"WST",10,"kappa_0.3","app_sparse_hetero",7,"WST_heteroSparse",2.96291897812002,"BALANCED",669,3,38,0,0,0,1,9,FALSE,-0.305784350300259,0.16040905456742,-0.288956564495542,0.213098942766649,-0.259808878437395,-0.00778482364548759,-0.0168277858047174,-0.0459754718628638,-0.0291476860581463
"WST",10,"kappa_0.3","app_sparse_hetero",7,"WST_heteroSparse",2.96291897812002,"BALANCED",670,4,38,0,0,0,8,9,FALSE,-0.266634053819625,0.367201481032046,-0.245660960243876,0.364193664166471,-0.222827217644245,0.0728649437036519,-0.0209730935757486,-0.0438068361753796,-0.022833742599631
"WST",10,"kappa_0.3","app_sparse_hetero",7,"WST_heteroSparse",2.96291897812002,"BALANCED",671,5,38,0,0,0,7,9,FALSE,-0.248283143766,-0.0254621750242769,-0.24306095259648,0.160540476861907,-0.207431689144082,0.136331163369246,-0.00522219116952005,-0.0408514546219179,-0.0356292634523978
"WST",10,"kappa_0.3","app_sparse_hetero",7,"WST_heteroSparse",2.96291897812002,"BALANCED",672,6,38,0,0,0,4,9,FALSE,-0.154710295173064,0.000693468831039198,-0.188047431761586,0.0215136858684941,-0.283447299736912,0.103991958809088,0.0333371365885213,0.128737004563847,0.0953998679753258
"WST",10,"kappa_0.3","app_sparse_hetero",7,"WST_heteroSparse",2.96291897812002,"BALANCED",673,7,38,0,0,0,6,9,FALSE,-0.188273655124652,0.186930319983658,-0.195507782055419,0.113891403314695,-0.1829974839248,0.190878614108349,0.00723412693076675,-0.00527617119985191,-0.0125102981306187
"WST",10,"kappa_0.3","app_sparse_hetero",7,"WST_heteroSparse",2.96291897812002,"BALANCED",674,8,38,1,0,1,9,9,TRUE,-2.1480883355656,0.839985502229633,-2.42811749883661,1.13784192974817,-2.39946871183718,0.50512062236769,0.280029163271005,0.251380376271576,-0.0286487869994287
"WST",10,"kappa_0.3","app_sparse_hetero",7,"WST_heteroSparse",2.96291897812002,"BALANCED",675,9,38,0,0,0,3,9,FALSE,-0.193631964908643,0.110629254164403,-0.248343486180715,0.190717643958764,-0.307526329793577,0.144848974775065,0.0547115212720728,0.113894364884934,0.0591828436128612
"WST",10,"kappa_0.3","app_sparse_hetero",7,"WST_heteroSparse",2.96291897812002,"BALANCED",676,10,38,0,0,0,3,9,FALSE,-0.188636419463704,0.143304528001135,-0.247526642852656,0.226082872037298,-0.320811892982785,0.0970630184949607,0.0588902233889517,0.132175473519081,0.0732852501301293
"WST",10,"kappa_0.3","app_sparse_hetero",7,"WST_heteroSparse",2.96291897812002,"BALANCED",677,11,38,1,1,2,9,9,TRUE,-3.19444486723652,0.577940006356963,-3.66154921492362,0.769894539168964,-4.14533840555485,0.292128622827577,0.4671043476871,0.950893538318331,0.483789190631231
"WST",10,"kappa_0.3","app_sparse_hetero",7,"WST_heteroSparse",2.96291897812002,"BALANCED",678,12,38,0,0,0,6,9,FALSE,-0.171585775450683,0.421100727246205,-0.192874309200832,0.448771209840911,-0.168249871751761,0.200387997007017,0.0212885337501492,-0.00333590369892178,-0.0246244374490709
"WST",10,"kappa_0.3","app_sparse_hetero",7,"WST_heteroSparse",2.96291897812002,"BALANCED",679,13,38,1,0,1,7,9,FALSE,-2.2482531251871,0.408346839327792,-2.16674293150627,0.671298118652388,-2.17096011441919,0.208658439368028,-0.0815101936808302,-0.0772930107679102,0.00421718291292006
"WST",10,"kappa_0.3","app_sparse_hetero",7,"WST_heteroSparse",2.96291897812002,"BALANCED",680,14,38,1,0,1,1,9,FALSE,-1.60136227148311,0.252231283948287,-1.59581598290474,0.158088217810287,-1.71527626030183,0.1093304273075,-0.00554628857837081,0.113913988818719,0.119460277397089
"WST",10,"kappa_0.3","app_sparse_hetero",7,"WST_heteroSparse",2.96291897812002,"BALANCED",681,15,38,0,0,0,5,9,FALSE,-0.10478154515189,-0.018158440788329,-0.131505760342445,0.132059403940252,-0.194084448884102,0.0119894292816499,0.0267242151905549,0.0893029037322117,0.0625786885416568
"WST",10,"kappa_0.3","app_sparse_hetero",7,"WST_heteroSparse",2.96291897812002,"BALANCED",682,16,38,0,0,0,10,9,FALSE,-0.170942938642231,0.0194011762665038,-0.193598376229791,0.384625419610509,-0.340921045136044,0.233121619823877,0.0226554375875603,0.169978106493813,0.147322668906253
"WST",10,"kappa_0.3","app_sparse_hetero",7,"WST_heteroSparse",2.96291897812002,"BALANCED",683,17,38,0,0,0,5,9,FALSE,-0.13355336088411,0.106569996338875,-0.155448128676608,0.256861433294452,-0.226943049397273,0.34026811278923,0.0218947677924977,0.0933896885131631,0.0714949207206654
"WST",10,"kappa_0.3","app_sparse_hetero",7,"WST_heteroSparse",2.96291897812002,"BALANCED",684,18,38,0,1,1,9,9,TRUE,-1.9137198620738,0.178551856589462,-1.99319725038856,0.583314150828557,-2.28571851491997,0.109753927506106,0.079477388314765,0.371998652846177,0.292521264531412
"WST",10,"kappa_0.3","app_sparse_hetero",7,"WST_heteroSparse",2.96291897812002,"BALANCED",685,19,38,0,0,0,8,9,FALSE,-0.245332224249058,0.47341737813145,-0.224284873448791,0.217922133369091,-0.201767262082624,0.013587816605136,-0.0210473508002673,-0.0435649621664336,-0.0225176113661663
"WST",10,"kappa_0.3","app_sparse_hetero",7,"WST_heteroSparse",2.96291897812002,"BALANCED",686,20,38,0,0,0,1,9,FALSE,-0.36799849032962,0.231275954362259,-0.351834898060857,0.195122809341873,-0.31354322914152,-0.0134446516102423,-0.0161635922687635,-0.0544552611881004,-0.0382916689193369
"WST",10,"kappa_0.3","app_sparse_hetero",7,"WST_heteroSparse",2.96291897812002,"BALANCED",687,21,38,0,0,0,1,9,FALSE,-0.346761448624264,0.210440480865545,-0.333719726594111,0.0875331497064385,-0.316257000777333,-0.0547046709038441,-0.0130417220301533,-0.0305044478469307,-0.0174627258167774
"WST",10,"kappa_0.3","app_sparse_hetero",7,"WST_heteroSparse",2.96291897812002,"BALANCED",688,22,38,1,0,1,7,9,FALSE,-2.19237586248448,0.496708960464442,-2.11435489092532,0.106498169437013,-2.17210931198118,-0.00516485110860841,-0.0780209715591553,-0.0202665505032948,0.0577544210558605
"WST",10,"kappa_0.3","app_sparse_hetero",7,"WST_heteroSparse",2.96291897812002,"BALANCED",689,23,38,0,0,0,5,9,FALSE,-0.111682225603754,0.291949906849432,-0.135336019517427,0.241012333788599,-0.195045627855905,0.0726563005049581,0.023653793913673,0.0833634022521501,0.0597096083384772
"WST",10,"kappa_0.3","app_sparse_hetero",7,"WST_heteroSparse",2.96291897812002,"BALANCED",690,24,38,0,0,0,1,9,FALSE,-0.420563666248639,0.219729957497557,-0.40150908194296,0.222928059626166,-0.359460951942737,0.212959194039376,-0.0190545843056791,-0.0611027143059024,-0.0420481300002233
"WST",10,"kappa_0.3","app_sparse_hetero",7,"WST_heteroSparse",2.96291897812002,"BALANCED",691,25,38,0,0,0,10,9,FALSE,-0.114096028357859,0.175958333463071,-0.124691117458616,0.271959434724547,-0.1498763217674,0.10035300774368,0.0105950891007565,0.035780293409541,0.0251852043087846
"WST",10,"kappa_0.3","app_sparse_hetero",7,"WST_heteroSparse",2.96291897812002,"BALANCED",692,26,38,1,0,1,2,9,FALSE,-1.7586098080703,0.0559683721012868,-1.66393232978705,0.0944635062787506,-1.5294921825109,0.15465112870722,-0.0946774782832529,-0.229117625559398,-0.134440147276145
"WST",10,"kappa_0.3","app_sparse_hetero",7,"WST_heteroSparse",2.96291897812002,"BALANCED",693,27,38,0,0,0,2,9,FALSE,-0.207832403197129,0.11284287677238,-0.20340504486896,0.0937115735483937,-0.233758362667102,0.318346139680255,-0.00442735832816865,0.0259259594699728,0.0303533177981414
"WST",10,"kappa_0.3","app_sparse_hetero",7,"WST_heteroSparse",2.96291897812002,"BALANCED",694,28,38,0,0,0,6,9,FALSE,-0.163833954607501,0.0794462381565892,-0.17559720383972,0.202072458620994,-0.164688812757005,0.108342922991778,0.0117632492322191,0.000854858149503812,-0.0109083910827152
"WST",10,"kappa_0.3","app_sparse_hetero",7,"WST_heteroSparse",2.96291897812002,"BALANCED",695,29,38,1,0,1,7,9,FALSE,-2.13455388075233,0.406979268782693,-2.1009722209128,0.195429366506324,-2.17323728195109,0.120800164105192,-0.0335816598395251,0.0386834011987647,0.0722650610382898
"WST",10,"kappa_0.3","app_sparse_hetero",7,"WST_heteroSparse",2.96291897812002,"BALANCED",696,30,38,0,0,0,8,9,FALSE,-0.741716614715871,0.197923090023336,-0.621226740531292,0.0721187863963,-0.329798370974562,0.168013435591689,-0.120489874184579,-0.41191824374131,-0.291428369556731
"WST",10,"kappa_0.3","app_sparse_hetero",7,"WST_heteroSparse",2.96291897812002,"BALANCED",697,31,38,0,0,0,7,9,FALSE,-0.289900214516782,0.388731107328902,-0.212783424237126,0.237532427719033,-0.211274574045261,0.0538400476056004,-0.0771167902796561,-0.0786256404715218,-0.00150885019186564
"WST",10,"kappa_0.3","app_sparse_hetero",7,"WST_heteroSparse",2.96291897812002,"BALANCED",698,32,38,0,0,0,4,9,FALSE,-0.129002852713747,0.217265759333844,-0.152599308031242,0.0844640466726913,-0.222433852137046,-0.0912973478038536,0.0235964553174952,0.0934309994232994,0.0698345441058041
"WST",10,"kappa_0.3","app_sparse_hetero",7,"WST_heteroSparse",2.96291897812002,"BALANCED",699,33,38,0,0,0,4,9,FALSE,-0.123661368958278,0.119518090333253,-0.150260736855107,0.0799373738157561,-0.226063539743113,0.223486836928289,0.0265993678968286,0.102402170784835,0.0758028028880062
"WST",10,"kappa_0.3","app_sparse_hetero",7,"WST_heteroSparse",2.96291897812002,"BALANCED",700,34,38,1,0,1,6,9,FALSE,-2.04784417748548,0.210698403585485,-2.08316486816431,0.332302336324854,-2.11304446329403,0.0885026584761226,0.0353206906788337,0.0652002858085492,0.0298795951297155
"WST",10,"kappa_0.3","app_sparse_hetero",7,"WST_heteroSparse",2.96291897812002,"BALANCED",701,35,38,0,0,0,3,9,FALSE,-0.21555428918994,0.036349795482678,-0.28251610272467,0.266250487094554,-0.36141975715502,0.119532985250847,0.0669618135347303,0.145865467965081,0.0789036544303503
"WST",10,"kappa_0.3","app_sparse_hetero",7,"WST_heteroSparse",2.96291897812002,"BALANCED",702,36,38,0,0,0,5,9,FALSE,-0.0771409524167623,0.22964386541032,-0.0913928294489237,0.199522448368499,-0.137172116892535,0.148145247100216,0.0142518770321614,0.060031164475773,0.0457792874436116
"WST",10,"kappa_0.3","app_sparse_hetero",7,"WST_heteroSparse",2.96291897812002,"BALANCED",703,37,38,0,0,0,7,9,FALSE,-0.185722417520767,0.0520435521001732,-0.196427566557732,0.306981568352728,-0.18289272114739,0.212885099142289,0.0107051490369656,-0.00282969637337693,-0.0135348454103426
"WST",10,"kappa_0.3","app_sparse_hetero",7,"WST_heteroSparse",2.96291897812002,"BALANCED",704,1,39,0,0,0,2,8,FALSE,-0.176272928867233,0.169248569325121,-0.180031063004106,0.0951590851820136,-0.207681847115562,0.467537302200642,0.00375813413687354,0.0314089182483288,0.0276507841114553
"WST",10,"kappa_0.3","app_sparse_hetero",7,"WST_heteroSparse",2.96291897812002,"BALANCED",705,2,39,0,0,0,9,8,FALSE,-0.172587497793761,0.0483846014678306,-0.181127422638474,0.122168324584117,-0.218990926799987,0.5036595628058,0.00853992484471355,0.0464034290062258,0.0378635041615123
"WST",10,"kappa_0.3","app_sparse_hetero",7,"WST_heteroSparse",2.96291897812002,"BALANCED",706,3,39,1,0,1,1,8,FALSE,-2.22235463785653,0.467439081065949,-2.13655096255357,0.154979483092016,-1.98721374694211,0.164666982011369,-0.0858036753029605,-0.235140890914423,-0.149337215611462
"WST",10,"kappa_0.3","app_sparse_hetero",7,"WST_heteroSparse",2.96291897812002,"BALANCED",707,4,39,0,0,0,8,8,TRUE,-0.120334642589494,-0.0123560619403917,-0.102896539544155,0.451992167041923,-0.164771444600145,0.680511185274761,-0.0174381030453388,0.0444368020106509,0.0618749050559897
"WST",10,"kappa_0.3","app_sparse_hetero",7,"WST_heteroSparse",2.96291897812002,"BALANCED",708,5,39,0,0,0,7,8,FALSE,-0.145633344277459,0.329707607010392,-0.135962178903315,0.104679050852902,-0.170676854666262,0.654558186415721,-0.0096711653741437,0.0250435103888025,0.0347146757629462
"WST",10,"kappa_0.3","app_sparse_hetero",7,"WST_heteroSparse",2.96291897812002,"BALANCED",709,6,39,1,0,1,4,8,FALSE,-1.7354528958831,0.121776210252067,-1.72473569682286,0.0784076716426832,-1.75726712094562,0.201004000804132,-0.0107171990602382,0.0218142250625144,0.0325314241227526
"WST",10,"kappa_0.3","app_sparse_hetero",7,"WST_heteroSparse",2.96291897812002,"BALANCED",710,7,39,0,0,0,6,8,FALSE,-0.153960853531603,-0.0143385759333233,-0.158013283776821,0.179481952360804,-0.157264769668873,0.726919069147284,0.00405243024521784,0.00330391613726988,-0.000748514107947962
"WST",10,"kappa_0.3","app_sparse_hetero",7,"WST_heteroSparse",2.96291897812002,"BALANCED",711,8,39,0,0,0,9,8,FALSE,-0.109421427942797,-0.0439656696363933,-0.117409188731651,0.129602715022096,-0.133239625793679,0.35746109572626,0.0079877607888541,0.0238181978508818,0.0158304370620277
"WST",10,"kappa_0.3","app_sparse_hetero",7,"WST_heteroSparse",2.96291897812002,"BALANCED",712,9,39,2,0,2,3,8,FALSE,-4.13319993729016,0.164626852171252,-4.17928711340284,0.118060586869624,-4.29678881867665,0.223372967974764,0.0460871761126764,0.16358888138649,0.117501705273813
"WST",10,"kappa_0.3","app_sparse_hetero",7,"WST_heteroSparse",2.96291897812002,"BALANCED",713,10,39,0,0,0,3,8,FALSE,-0.298008567924056,0.0537649116464604,-0.291583012615185,0.180160945882264,-0.254740260531325,0.554876589472526,-0.00642555530887012,-0.0432683073927302,-0.0368427520838601
"WST",10,"kappa_0.3","app_sparse_hetero",7,"WST_heteroSparse",2.96291897812002,"BALANCED",714,11,39,0,0,0,9,8,FALSE,-0.146337691021757,0.160759580672142,-0.156397714597532,0.129382765843772,-0.179474916535772,0.363535440988132,0.0100600235757753,0.0331372255140145,0.0230772019382393
"WST",10,"kappa_0.3","app_sparse_hetero",7,"WST_heteroSparse",2.96291897812002,"BALANCED",715,12,39,0,0,0,6,8,FALSE,-0.135703965105884,0.0321173342234225,-0.119674547262318,0.161825317373487,-0.145823941706308,0.603540896351296,-0.0160294178435656,0.0101199766004241,0.0261493944439897
"WST",10,"kappa_0.3","app_sparse_hetero",7,"WST_heteroSparse",2.96291897812002,"BALANCED",716,13,39,0,0,0,7,8,FALSE,-0.105323925212805,0.165957543439899,-0.0935743970598741,0.160819860405889,-0.14146960382312,0.75595532209471,-0.0117495281529312,0.0361456786103149,0.0478952067632461
"WST",10,"kappa_0.3","app_sparse_hetero",7,"WST_heteroSparse",2.96291897812002,"BALANCED",717,14,39,0,0,0,1,8,FALSE,-0.192733535401537,0.0687720661353467,-0.197055788895627,0.189594393231235,-0.254646825897172,0.619295950415523,0.00432225349408988,0.0619132904956352,0.0575910370015453
"WST",10,"kappa_0.3","app_sparse_hetero",7,"WST_heteroSparse",2.96291897812002,"BALANCED",718,15,39,0,0,0,5,8,FALSE,-0.205496119872917,-0.159932303313979,-0.198867504129298,0.414282653857589,-0.210061598459244,0.82820236998668,-0.00662861574361884,0.0045654785863265,0.0111940943299453
"WST",10,"kappa_0.3","app_sparse_hetero",7,"WST_heteroSparse",2.96291897812002,"BALANCED",719,16,39,0,0,0,10,8,FALSE,-0.118501707170189,0.184167842360152,-0.104643109929354,0.300211481007634,-0.181122358336846,0.566851974072846,-0.0138585972408354,0.0626206511666565,0.0764792484074919
"WST",10,"kappa_0.3","app_sparse_hetero",7,"WST_heteroSparse",2.96291897812002,"BALANCED",720,17,39,0,0,0,5,8,FALSE,-0.238612014686256,0.309520041770849,-0.232533094046005,0.301982778764786,-0.245432140858693,1.00011657037136,-0.00607892064025162,0.00682012617243632,0.0128990468126879
"WST",10,"kappa_0.3","app_sparse_hetero",7,"WST_heteroSparse",2.96291897812002,"BALANCED",721,18,39,0,0,0,9,8,FALSE,-0.123727368798065,0.184848872861841,-0.128954735672825,0.0773010202939073,-0.153393626785044,0.426346213227275,0.00522736687476044,0.0296662579869791,0.0244388911122186
"WST",10,"kappa_0.3","app_sparse_hetero",7,"WST_heteroSparse",2.96291897812002,"BALANCED",722,19,39,0,0,0,8,8,TRUE,-0.157916557361314,0.134812447853989,-0.14948021119361,-0.0492259240814738,-0.168751952640799,0.667145469749317,-0.00843634616770395,0.0108353952794848,0.0192717414471888
"WST",10,"kappa_0.3","app_sparse_hetero",7,"WST_heteroSparse",2.96291897812002,"BALANCED",723,20,39,0,0,0,1,8,FALSE,-0.204540760556572,0.0306115064458284,-0.21751786818115,0.0559897593923017,-0.279895643166197,0.790800846435315,0.0129771076245779,0.0753548826096253,0.0623777749850474
"WST",10,"kappa_0.3","app_sparse_hetero",7,"WST_heteroSparse",2.96291897812002,"BALANCED",724,21,39,0,0,0,1,8,FALSE,-0.221522824008249,0.305060944177124,-0.236898110913624,0.464278975575274,-0.288217168799259,0.826789714179878,0.0153752869053756,0.0666943447910109,0.0513190578856353
"WST",10,"kappa_0.3","app_sparse_hetero",7,"WST_heteroSparse",2.96291897812002,"BALANCED",725,22,39,0,0,0,7,8,FALSE,-0.123450033298211,0.14769432697718,-0.14035898772086,0.346599080680962,-0.137551888480623,0.690431357773967,0.0169089544226484,0.0141018551824112,-0.00280709924023714
"WST",10,"kappa_0.3","app_sparse_hetero",7,"WST_heteroSparse",2.96291897812002,"BALANCED",726,23,39,1,0,1,5,8,FALSE,-2.07847780331592,0.629759680747001,-2.04186342555126,0.18319366927011,-2.06976108168063,0.0392792861235974,-0.0366143777646606,-0.00871672163529258,0.027897656129368
"WST",10,"kappa_0.3","app_sparse_hetero",7,"WST_heteroSparse",2.96291897812002,"BALANCED",727,24,39,0,0,0,1,8,FALSE,-0.235450919630584,0.166257124484302,-0.247269781973088,0.105042215420489,-0.32312015631765,0.666532684436915,0.011818862342504,0.0876692366870655,0.0758503743445615
"WST",10,"kappa_0.3","app_sparse_hetero",7,"WST_heteroSparse",2.96291897812002,"BALANCED",728,25,39,0,0,0,10,8,FALSE,-0.079088532102797,0.0450152306519598,-0.0664107054979022,0.320241459897225,-0.106980453801028,0.630369994234423,-0.0126778266048948,0.027891921698231,0.0405697483031258
"WST",10,"kappa_0.3","app_sparse_hetero",7,"WST_heteroSparse",2.96291897812002,"BALANCED",729,26,39,0,0,0,2,8,FALSE,-0.271981357553119,0.0628697775375819,-0.290632244283361,0.161448061213734,-0.274714898850532,0.635736115326994,0.0186508867302422,0.00273354129741321,-0.015917345432829
"WST",10,"kappa_0.3","app_sparse_hetero",7,"WST_heteroSparse",2.96291897812002,"BALANCED",730,27,39,0,0,0,2,8,FALSE,-0.187960825065821,0.291448076087714,-0.196064421773593,-0.00967869279580219,-0.185521602078828,0.593367653821763,0.00810359670777139,-0.00243922298699317,-0.0105428196947646
"WST",10,"kappa_0.3","app_sparse_hetero",7,"WST_heteroSparse",2.96291897812002,"BALANCED",731,28,39,0,0,0,6,8,FALSE,-0.138645023790219,0.158318620908414,-0.144582810312388,0.291286242511853,-0.142246533358665,0.707919914894149,0.00593778652216859,0.00360150956844585,-0.00233627695372274
"WST",10,"kappa_0.3","app_sparse_hetero",7,"WST_heteroSparse",2.96291897812002,"BALANCED",732,29,39,0,0,0,7,8,FALSE,-0.117538886277393,0.153997010540005,-0.133752011654608,0.419721973111588,-0.138771173952791,0.486958020266912,0.0162131253772158,0.0212322876753985,0.00501916229818278
"WST",10,"kappa_0.3","app_sparse_hetero",7,"WST_heteroSparse",2.96291897812002,"BALANCED",733,30,39,0,0,0,8,8,TRUE,-0.130137053180653,-0.0103146104411735,-0.141420323922895,0.152802203459196,-0.16125991890426,0.482876944570352,0.0112832707422417,0.0311228657236073,0.0198395949813657
"WST",10,"kappa_0.3","app_sparse_hetero",7,"WST_heteroSparse",2.96291897812002,"BALANCED",734,31,39,0,0,0,7,8,FALSE,-0.16760254049736,0.228778358877774,-0.18557082243776,-0.00652863285849131,-0.192461768873363,0.668668151656966,0.0179682819403997,0.0248592283760027,0.00689094643560306
"WST",10,"kappa_0.3","app_sparse_hetero",7,"WST_heteroSparse",2.96291897812002,"BALANCED",735,32,39,0,0,0,4,8,FALSE,-0.248323760560006,0.0411950141447417,-0.229668664392977,-0.010205302471802,-0.239917677337659,0.866468046075571,-0.0186550961670289,-0.00840608322234715,0.0102490129446817
"WST",10,"kappa_0.3","app_sparse_hetero",7,"WST_heteroSparse",2.96291897812002,"BALANCED",736,33,39,0,1,1,4,8,FALSE,-5.13000740982828,0.305515228414894,-4.91188908429755,0.464116098067118,-5.15976976761919,0.366093055134291,-0.218118325530735,0.0297623577909043,0.24788068332164
"WST",10,"kappa_0.3","app_sparse_hetero",7,"WST_heteroSparse",2.96291897812002,"BALANCED",737,34,39,1,0,1,6,8,FALSE,-2.61953590262209,0.253325186012917,-2.56105972972816,0.337894366580375,-2.73410469146662,0.207535864280508,-0.0584761728939265,0.114568788844533,0.17304496173846
"WST",10,"kappa_0.3","app_sparse_hetero",7,"WST_heteroSparse",2.96291897812002,"BALANCED",738,35,39,0,0,0,3,8,FALSE,-0.351129771270963,0.139629641118408,-0.341904207414454,0.108955098404277,-0.285789608700344,0.463371625200642,-0.00922556385650886,-0.0653401625706191,-0.0561145987141103
"WST",10,"kappa_0.3","app_sparse_hetero",7,"WST_heteroSparse",2.96291897812002,"BALANCED",739,36,39,0,0,0,5,8,FALSE,-0.139225489419299,0.110722884512231,-0.135894601401458,0.246685233743378,-0.146352480088808,0.813951765810713,-0.00333088801784065,0.0071269906695095,0.0104578786873502
"WST",10,"kappa_0.3","app_sparse_hetero",7,"WST_heteroSparse",2.96291897812002,"BALANCED",740,37,39,1,0,1,7,8,FALSE,-2.46858247858018,0.303329014426209,-2.46601139194199,-0.0997836162616581,-2.74492200095788,0.300289854789498,-0.00257108663818251,0.276339522377699,0.278910609015882
"WST",10,"kappa_0.3","app_sparse_hetero",7,"WST_heteroSparse",2.96291897812002,"BALANCED",741,38,39,0,0,0,9,8,FALSE,-0.122462913506103,0.00558756082209282,-0.13201029253072,0.0976596324178236,-0.152647167805166,0.46554675090377,0.00954737902461655,0.0301842542990629,0.0206368752744464
"WST",10,"kappa_0.3","app_sparse_hetero",7,"WST_heteroSparse",2.96291897812002,"BALANCED",742,1,40,0,0,0,2,10,FALSE,-0.363911837348472,0.347407151989782,-0.352604691328872,0.0861065662893469,-0.37390140862231,0.237291433266747,-0.0113071460196004,0.00998957127383804,0.0212967172934384
"WST",10,"kappa_0.3","app_sparse_hetero",7,"WST_heteroSparse",2.96291897812002,"BALANCED",743,2,40,1,0,1,9,10,FALSE,-2.08198358607257,0.452439679613336,-1.89236017575044,0.756813813084448,-1.87326976653522,0.471124677293465,-0.189623410322127,-0.208713819537353,-0.0190904092152264
"WST",10,"kappa_0.3","app_sparse_hetero",7,"WST_heteroSparse",2.96291897812002,"BALANCED",744,3,40,1,0,1,1,10,FALSE,-1.70501975951694,0.336214044623916,-1.63752594894701,0.40591730719062,-1.49997259965353,-0.129389337678102,-0.0674938105699328,-0.205047159863418,-0.137553349293485
"WST",10,"kappa_0.3","app_sparse_hetero",7,"WST_heteroSparse",2.96291897812002,"BALANCED",745,4,40,0,0,0,8,10,FALSE,-0.21824584482949,0.120960042895867,-0.204734591503019,0.261835727235831,-0.326683021490591,-0.112249368414195,-0.0135112533264712,0.1084371766611,0.121948429987571
"WST",10,"kappa_0.3","app_sparse_hetero",7,"WST_heteroSparse",2.96291897812002,"BALANCED",746,5,40,0,0,0,7,10,FALSE,-0.259506223357457,0.131562870016421,-0.226038964689566,0.282172205090808,-0.304057366638957,0.510127393868379,-0.0334672586678915,0.0445511432814998,0.0780184019493912
"WST",10,"kappa_0.3","app_sparse_hetero",7,"WST_heteroSparse",2.96291897812002,"BALANCED",747,6,40,0,0,0,4,10,FALSE,-0.697596273429814,0.393577107280974,-0.675938904863562,0.141246274615682,-0.414163837497282,-0.0717012944434779,-0.0216573685662516,-0.283432435932531,-0.26177506736628
"WST",10,"kappa_0.3","app_sparse_hetero",7,"WST_heteroSparse",2.96291897812002,"BALANCED",748,7,40,0,0,0,6,10,FALSE,-0.28264488492478,0.45315159156342,-0.219390251729762,0.112643105098219,-0.26719939531292,0.0516540679625572,-0.0632546331950179,-0.0154454896118601,0.0478091435831578
"WST",10,"kappa_0.3","app_sparse_hetero",7,"WST_heteroSparse",2.96291897812002,"BALANCED",749,8,40,0,0,0,9,10,FALSE,-0.176522991023528,0.434207078450055,-0.256425183978616,0.0853412144266062,-0.412710717716226,0.315773775234175,0.0799021929550889,0.236187726692698,0.156285533737609
"WST",10,"kappa_0.3","app_sparse_hetero",7,"WST_heteroSparse",2.96291897812002,"BALANCED",750,9,40,1,0,1,3,10,FALSE,-1.19056365919239,0.170076018831206,-1.25765111955356,0.184186157044664,-1.35812945822532,0.102943196009814,0.0670874603611749,0.167565799032931,0.100478338671756
"WST",10,"kappa_0.3","app_sparse_hetero",7,"WST_heteroSparse",2.96291897812002,"BALANCED",751,10,40,0,0,0,3,10,FALSE,-0.653954801727516,-0.127962478866077,-0.583701927298547,0.321008760311331,-0.47199048114869,0.00763902430901664,-0.0702528744289692,-0.181964320578826,-0.111711446149857
"WST",10,"kappa_0.3","app_sparse_hetero",7,"WST_heteroSparse",2.96291897812002,"BALANCED",752,11,40,0,0,0,9,10,FALSE,-0.24430301216359,0.201857198805515,-0.355181530227362,0.140819306546018,-0.544973987105696,0.183416235659666,0.110878518063772,0.300670974942107,0.189792456878335
"WST",10,"kappa_0.3","app_sparse_hetero",7,"WST_heteroSparse",2.96291897812002,"BALANCED",753,12,40,0,0,0,6,10,FALSE,-0.264939990428678,0.310863341820362,-0.208387205391861,0.129566617957854,-0.246265740346887,0.317310695128742,-0.0565527850368168,-0.0186742500817907,0.0378785349550261
"WST",10,"kappa_0.3","app_sparse_hetero",7,"WST_heteroSparse",2.96291897812002,"BALANCED",754,13,40,0,0,0,7,10,FALSE,-0.196169761636799,0.2367384115861,-0.179324563013731,0.259786846301695,-0.262045224906785,0.314238084379299,-0.0168451986230682,0.0658754632699861,0.0827206618930543
"WST",10,"kappa_0.3","app_sparse_hetero",7,"WST_heteroSparse",2.96291897812002,"BALANCED",755,14,40,1,0,1,1,10,FALSE,-1.72275966893506,0.202565464554549,-1.55863237252708,0.283186280095097,-1.4516220604387,-0.0566112261201559,-0.164127296407981,-0.271137608496359,-0.107010312088379
"WST",10,"kappa_0.3","app_sparse_hetero",7,"WST_heteroSparse",2.96291897812002,"BALANCED",756,15,40,1,0,1,5,10,FALSE,-1.39896625003922,0.283052312864064,-1.4589945453915,0.0988445418536695,-1.68387320435604,-0.0669665141292105,0.0600282953522715,0.284906954316816,0.224878658964545
"WST",10,"kappa_0.3","app_sparse_hetero",7,"WST_heteroSparse",2.96291897812002,"BALANCED",757,16,40,0,0,0,10,10,TRUE,-0.307064593028621,0.42190053886662,-0.370685230975604,0.569378027274542,-0.502724702213777,0.0569283918002534,0.0636206379469826,0.195660109185155,0.132039471238173
"WST",10,"kappa_0.3","app_sparse_hetero",7,"WST_heteroSparse",2.96291897812002,"BALANCED",758,17,40,1,0,1,5,10,FALSE,-1.32135791895942,0.279672045936835,-1.35533247939954,0.152182796929559,-1.55882228886496,0.154500869039643,0.033974560440118,0.237464369905543,0.203489809465425
"WST",10,"kappa_0.3","app_sparse_hetero",7,"WST_heteroSparse",2.96291897812002,"BALANCED",759,18,40,0,0,0,9,10,FALSE,-0.213315450962774,0.343831896462703,-0.311547316677312,-0.0114406959967066,-0.469273385374524,-0.00551402058078528,0.0982318657145376,0.255957934411749,0.157726068697212
"WST",10,"kappa_0.3","app_sparse_hetero",7,"WST_heteroSparse",2.96291897812002,"BALANCED",760,19,40,0,0,0,8,10,FALSE,-0.302623377076699,0.447953456545382,-0.241545189890935,0.226622390275475,-0.296226051412529,0.170495863012968,-0.061078187185764,-0.00639732566417006,0.0546808615215939
"WST",10,"kappa_0.3","app_sparse_hetero",7,"WST_heteroSparse",2.96291897812002,"BALANCED",761,20,40,0,0,0,1,10,FALSE,-0.385142626220762,0.153725622527743,-0.403236575261495,0.144568136241806,-0.460251021283174,0.0318910498401538,0.0180939490407326,0.0751083950624114,0.0570144460216788
"WST",10,"kappa_0.3","app_sparse_hetero",7,"WST_heteroSparse",2.96291897812002,"BALANCED",762,21,40,0,0,0,1,10,FALSE,-0.422264743046644,0.0736817346634086,-0.410107463659266,0.504808850055497,-0.461382510897609,0.143163803424257,-0.0121572793873783,0.0391177678509651,0.0512750472383434
"WST",10,"kappa_0.3","app_sparse_hetero",7,"WST_heteroSparse",2.96291897812002,"BALANCED",763,22,40,0,0,0,7,10,FALSE,-0.214411421707625,-0.0168552090291631,-0.195182493533434,0.261558383016957,-0.242743595015204,0.3448862744858,-0.0192289281741909,0.0283321733075796,0.0475611014817705
"WST",10,"kappa_0.3","app_sparse_hetero",7,"WST_heteroSparse",2.96291897812002,"BALANCED",764,23,40,0,0,0,5,10,FALSE,-0.46335779169856,0.313373803339518,-0.44805816609857,0.275890601887253,-0.283313636802445,0.0670613935342089,-0.0152996255999902,-0.180044154896115,-0.164744529296125
"WST",10,"kappa_0.3","app_sparse_hetero",7,"WST_heteroSparse",2.96291897812002,"BALANCED",765,24,40,1,0,1,1,10,FALSE,-1.55513908365298,0.437787518409125,-1.42368407049029,0.183393976741303,-1.32216851287353,0.125264002281268,-0.131455013162686,-0.23297057077945,-0.101515557616764
"WST",10,"kappa_0.3","app_sparse_hetero",7,"WST_heteroSparse",2.96291897812002,"BALANCED",766,25,40,0,0,0,10,10,TRUE,-0.169785026025921,0.118511635072641,-0.171422618911441,0.562103855624703,-0.218953413072748,-0.114855876507846,0.0016375928855199,0.0491683870468274,0.0475307941613075
"WST",10,"kappa_0.3","app_sparse_hetero",7,"WST_heteroSparse",2.96291897812002,"BALANCED",767,26,40,0,0,0,2,10,FALSE,-0.616610743726466,0.286068016384825,-0.612206078270972,-0.0199770638583823,-0.508179406208652,0.140438314693286,-0.00440466545549345,-0.108431337517814,-0.104026672062321
"WST",10,"kappa_0.3","app_sparse_hetero",7,"WST_heteroSparse",2.96291897812002,"BALANCED",768,27,40,1,0,1,2,10,FALSE,-1.47948590828102,0.394438586391915,-1.43699934515721,-0.00319424251637336,-1.54136557429202,-0.116846919502721,-0.0424865631238083,0.0618796660109968,0.104366229134805
"WST",10,"kappa_0.3","app_sparse_hetero",7,"WST_heteroSparse",2.96291897812002,"BALANCED",769,28,40,0,0,0,6,10,FALSE,-0.257877229716258,0.208459133774233,-0.20871929270971,0.195639981419367,-0.240322656426859,0.059440532442255,-0.049157937006548,-0.0175545732893996,0.0316033637171484
"WST",10,"kappa_0.3","app_sparse_hetero",7,"WST_heteroSparse",2.96291897812002,"BALANCED",770,29,40,0,0,0,7,10,FALSE,-0.203701344650584,0.317298696135883,-0.191027562014168,0.232582579143517,-0.243058544283444,0.18703202405044,-0.0126737826364165,0.0393571996328594,0.0520309822692759
"WST",10,"kappa_0.3","app_sparse_hetero",7,"WST_heteroSparse",2.96291897812002,"BALANCED",771,30,40,0,0,0,8,10,FALSE,-0.218360257726971,0.288803085012116,-0.32132188693294,0.125063968734082,-0.484641903978275,0.0269974763684094,0.102961629205969,0.266281646251304,0.163320017045335
"WST",10,"kappa_0.3","app_sparse_hetero",7,"WST_heteroSparse",2.96291897812002,"BALANCED",772,31,40,1,0,1,7,10,FALSE,-1.77579138215396,0.131829627635374,-1.80556378488784,0.392618637152312,-1.60770131122323,0.043979661389461,0.0297724027338822,-0.16809007093073,-0.197862473664612
"WST",10,"kappa_0.3","app_sparse_hetero",7,"WST_heteroSparse",2.96291897812002,"BALANCED",773,32,40,1,0,1,4,10,FALSE,-1.30411401228263,0.208822235532709,-1.36961293193929,0.118515907779675,-1.57287675431068,0.0399657871811326,0.0654989196566582,0.268762742028054,0.203263822371396
"WST",10,"kappa_0.3","app_sparse_hetero",7,"WST_heteroSparse",2.96291897812002,"BALANCED",774,33,40,0,0,0,4,10,FALSE,-0.543293963753354,0.250680372537484,-0.534939358426844,-0.0210635078802206,-0.329720984721323,-0.0247542742823915,-0.00835460532650956,-0.213572979032031,-0.205218373705521
"WST",10,"kappa_0.3","app_sparse_hetero",7,"WST_heteroSparse",2.96291897812002,"BALANCED",775,34,40,0,0,0,6,10,FALSE,-0.227691323192214,0.433247785763308,-0.207807541885597,0.127740947099694,-0.243428170820441,0.246653687726692,-0.0198837813066168,0.0157368476282276,0.0356206289348444
"WST",10,"kappa_0.3","app_sparse_hetero",7,"WST_heteroSparse",2.96291897812002,"BALANCED",776,35,40,0,0,0,3,10,FALSE,-0.774915764606353,0.29029272225374,-0.685870924991121,0.269223168859686,-0.534015599419337,-0.177418253242574,-0.0890448396152319,-0.240900165187017,-0.151855325571785
"WST",10,"kappa_0.3","app_sparse_hetero",7,"WST_heteroSparse",2.96291897812002,"BALANCED",777,36,40,0,0,0,5,10,FALSE,-0.310108139604155,0.224267446063838,-0.309262190795907,0.0191142905016411,-0.200987082473344,0.133927882827717,-0.000845948808247066,-0.10912105713081,-0.108275108322563
"WST",10,"kappa_0.3","app_sparse_hetero",7,"WST_heteroSparse",2.96291897812002,"BALANCED",778,37,40,0,0,0,7,10,FALSE,-0.282265035598671,0.443388145297834,-0.229316232714075,0.370549345351989,-0.267103566359261,0.336893573093761,-0.0529488028845968,-0.01516146923941,0.0377873336451868
"WST",10,"kappa_0.3","app_sparse_hetero",7,"WST_heteroSparse",2.96291897812002,"BALANCED",779,38,40,0,0,0,9,10,FALSE,-0.208795732251515,0.355840230533833,-0.311487628620715,0.0396440720478402,-0.46675627569731,0.13545341906074,0.1026918963692,0.257960543445795,0.155268647076594
"WST",10,"kappa_0.3","app_sparse_hetero",7,"WST_heteroSparse",2.96291897812002,"BALANCED",780,39,40,0,0,0,8,10,FALSE,-0.154727377412018,0.220805764911427,-0.147442615540456,0.124286143550554,-0.226141835368897,0.605782465072453,-0.00728476187156257,0.0714144579568785,0.0786992198284411
"WST",10,"kappa_0.3","app_sparse_hetero",7,"WST_heteroSparse",2.96291897812002,"BALANCED",781,1,41,1,0,1,2,6,FALSE,-1.74252535691714,0.347322187712108,-1.61564400198386,0.153496166199565,-1.6516618253609,-0.0442907492476838,-0.126881354933278,-0.090863531556236,0.0360178233770423
"WST",10,"kappa_0.3","app_sparse_hetero",7,"WST_heteroSparse",2.96291897812002,"BALANCED",782,2,41,0,0,0,9,6,FALSE,-0.302561476672694,0.264490072748326,-0.279246507377305,0.204717292689589,-0.253262868802661,0.0386489624857641,-0.0233149692953889,-0.0492986078700328,-0.0259836385746439
"WST",10,"kappa_0.3","app_sparse_hetero",7,"WST_heteroSparse",2.96291897812002,"BALANCED",783,3,41,0,0,0,1,6,FALSE,-0.402262726275158,0.164075468020145,-0.438491950219781,0.297349711373233,-0.377948333426726,-0.0712159343620431,0.0362292239446234,-0.0243143928484315,-0.0605436167930549
"WST",10,"kappa_0.3","app_sparse_hetero",7,"WST_heteroSparse",2.96291897812002,"BALANCED",784,4,41,0,0,0,8,6,FALSE,-0.286886951770673,-0.0899570062186609,-0.287162393677707,-0.118084728588936,-0.231455575818378,0.163031896806366,0.00027544190703388,-0.0554313759522946,-0.0557068178593285
"WST",10,"kappa_0.3","app_sparse_hetero",7,"WST_heteroSparse",2.96291897812002,"BALANCED",785,5,41,0,0,0,7,6,FALSE,-0.318754142838706,0.126460394223372,-0.320524456516224,0.324076074677239,-0.266629881473827,0.052809250774151,0.00177031367751734,-0.0521242613648791,-0.0538945750423965
"WST",10,"kappa_0.3","app_sparse_hetero",7,"WST_heteroSparse",2.96291897812002,"BALANCED",786,6,41,2,0,2,4,6,FALSE,-3.1552256538044,0.210548427016868,-2.99421074876906,0.345507604927312,-3.05113552545347,0.335493446836457,-0.16101490503534,-0.104090128350928,0.0569247766844114
"WST",10,"kappa_0.3","app_sparse_hetero",7,"WST_heteroSparse",2.96291897812002,"BALANCED",787,7,41,0,0,0,6,6,TRUE,-0.289683497359512,0.409020446449997,-0.271031483752646,0.416021788912216,-0.246226469373386,0.205800320092653,-0.0186520136068662,-0.0434570279861255,-0.0248050143792593
"WST",10,"kappa_0.3","app_sparse_hetero",7,"WST_heteroSparse",2.96291897812002,"BALANCED",788,8,41,0,0,0,9,6,FALSE,-0.195588343012236,0.330071957349612,-0.181260438488426,0.213401302340996,-0.16077511199224,0.224987355673706,-0.0143279045238103,-0.0348132310199958,-0.0204853264961855
"WST",10,"kappa_0.3","app_sparse_hetero",7,"WST_heteroSparse",2.96291897812002,"BALANCED",789,9,41,0,0,0,3,6,FALSE,-0.295707893478319,0.0627472000736686,-0.277677822512319,0.138545556747678,-0.367758311735773,0.17023805807197,-0.0180300709659997,0.0720504182574544,0.0900804892234541
"WST",10,"kappa_0.3","app_sparse_hetero",7,"WST_heteroSparse",2.96291897812002,"BALANCED",790,10,41,0,0,0,3,6,FALSE,-0.310854609459657,0.0501250744009201,-0.284312461715039,-0.0262909545471865,-0.386132512977272,0.128182197397744,-0.0265421477446184,0.0752779035176152,0.101820051262234
"WST",10,"kappa_0.3","app_sparse_hetero",7,"WST_heteroSparse",2.96291897812002,"BALANCED",791,11,41,0,2,2,9,6,FALSE,-4.5248295820142,0.440567861812169,-4.43812653127454,0.495669810316236,-4.41222640466058,0.168777614026479,-0.0867030507396578,-0.112603177353613,-0.0259001266139549
"WST",10,"kappa_0.3","app_sparse_hetero",7,"WST_heteroSparse",2.96291897812002,"BALANCED",792,12,41,0,0,0,6,6,TRUE,-0.24575109114851,0.141070026677345,-0.24624887933604,0.0557522697308703,-0.227200945575061,0.145648158960759,0.000497788187529657,-0.0185501455734496,-0.0190479337609792
"WST",10,"kappa_0.3","app_sparse_hetero",7,"WST_heteroSparse",2.96291897812002,"BALANCED",793,13,41,0,1,1,7,6,FALSE,-2.25882939209653,0.445053591223587,-2.15041141201035,0.58967582738276,-2.52036031151783,0.191803947327365,-0.108417980086178,0.261530919421299,0.369948899507476
"WST",10,"kappa_0.3","app_sparse_hetero",7,"WST_heteroSparse",2.96291897812002,"BALANCED",794,14,41,0,1,1,1,6,FALSE,-3.44573366750044,0.546351055639607,-4.6559094600134,0.255621441053779,-3.60581006654311,0.508175373858763,1.21017579251296,0.160076399042674,-1.05009939347029
"WST",10,"kappa_0.3","app_sparse_hetero",7,"WST_heteroSparse",2.96291897812002,"BALANCED",795,15,41,0,0,0,5,6,FALSE,-0.316822976396799,0.208797194922303,-0.341649909022403,0.264374560246545,-0.319974322960124,0.148922195057692,0.0248269326256034,0.00315134656332461,-0.0216755860622788
"WST",10,"kappa_0.3","app_sparse_hetero",7,"WST_heteroSparse",2.96291897812002,"BALANCED",796,16,41,0,0,0,10,6,FALSE,-0.21059406276216,0.3646614116559,-0.225792897935315,0.210051545870384,-0.220339316409724,0.23836749947317,0.0151988351731545,0.00974525364756396,-0.0054535815255905
"WST",10,"kappa_0.3","app_sparse_hetero",7,"WST_heteroSparse",2.96291897812002,"BALANCED",797,17,41,1,0,1,5,6,FALSE,-1.58929680137528,0.269628965826501,-1.48695201343287,-0.0627513298213315,-1.52857321621448,0.351537603937951,-0.102344787942406,-0.0607235851607966,0.0416212027816094
"WST",10,"kappa_0.3","app_sparse_hetero",7,"WST_heteroSparse",2.96291897812002,"BALANCED",798,18,41,0,0,0,9,6,FALSE,-0.21301654733872,0.346368853010015,-0.199306480926456,0.232657386881504,-0.181795552435434,-0.0323661338187129,-0.0137100664122638,-0.0312209949032853,-0.0175109284910215
"WST",10,"kappa_0.3","app_sparse_hetero",7,"WST_heteroSparse",2.96291897812002,"BALANCED",799,19,41,0,0,0,8,6,FALSE,-0.290569137462361,0.295993431862416,-0.293473771595148,-0.0252730439129264,-0.260360867156909,0.0643729412120008,0.00290463413278719,-0.0302082703054518,-0.033112904438239
"WST",10,"kappa_0.3","app_sparse_hetero",7,"WST_heteroSparse",2.96291897812002,"BALANCED",800,20,41,1,0,1,1,6,FALSE,-1.50960512832336,0.236109348538208,-1.29626017551367,-0.115661971881699,-1.48504996303103,0.0288786317218778,-0.213344952809681,-0.0245551652923268,0.188789787517354
"WST",10,"kappa_0.3","app_sparse_hetero",7,"WST_heteroSparse",2.96291897812002,"BALANCED",801,21,41,0,0,0,1,6,FALSE,-0.469296005295796,0.149762398235059,-0.509840529567986,0.0889150066323065,-0.466054739879242,0.00646104568467725,0.0405445242721907,-0.00324126541655367,-0.0437857896887444
"WST",10,"kappa_0.3","app_sparse_hetero",7,"WST_heteroSparse",2.96291897812002,"BALANCED",802,22,41,0,0,0,7,6,FALSE,-0.243017399789021,0.0979850122406233,-0.238862235287305,0.139165285134471,-0.213079969286329,0.514728091146109,-0.00415516450171527,-0.0299374305026916,-0.0257822660009763
"WST",10,"kappa_0.3","app_sparse_hetero",7,"WST_heteroSparse",2.96291897812002,"BALANCED",803,23,41,1,0,1,5,6,FALSE,-1.68667720674816,0.154214950503467,-1.62016061723554,0.133210755488152,-1.61945991689337,0.221831808155422,-0.066516589512621,-0.0672172898547911,-0.00070070034217018
"WST",10,"kappa_0.3","app_sparse_hetero",7,"WST_heteroSparse",2.96291897812002,"BALANCED",804,24,41,0,0,0,1,6,FALSE,-0.536204474356909,0.156792331263783,-0.611155224585135,0.198669088152137,-0.525668909510032,0.166388706767868,0.0749507502282256,-0.0105355648468768,-0.0854863150751024
"WST",10,"kappa_0.3","app_sparse_hetero",7,"WST_heteroSparse",2.96291897812002,"BALANCED",805,25,41,0,0,0,10,6,FALSE,-0.145260437188693,0.302301430737963,-0.149723469725456,0.0085746586668565,-0.150444132337276,0.172144307558276,0.00446303253676295,0.00518369514858374,0.000720662611820799
"WST",10,"kappa_0.3","app_sparse_hetero",7,"WST_heteroSparse",2.96291897812002,"BALANCED",806,26,41,0,0,0,2,6,FALSE,-0.354944699374441,0.0882768203809495,-0.317899013241128,0.0309606505878234,-0.417025343725938,0.109881954341427,-0.0370456861333128,0.0620806443514974,0.0991263304848102
"WST",10,"kappa_0.3","app_sparse_hetero",7,"WST_heteroSparse",2.96291897812002,"BALANCED",807,27,41,0,0,0,2,6,FALSE,-0.247986370842563,0.0456113864168195,-0.214148627140426,-0.0651534132822842,-0.279844099254233,0.0641650410737234,-0.0338377437021364,0.0318577284116701,0.0656954721138066
"WST",10,"kappa_0.3","app_sparse_hetero",7,"WST_heteroSparse",2.96291897812002,"BALANCED",808,28,41,0,0,0,6,6,TRUE,-0.258563761482635,0.186666202543404,-0.257005497336346,0.279569487192685,-0.224647748139267,0.223528605939071,-0.00155826414628901,-0.0339160133433678,-0.0323577491970788
"WST",10,"kappa_0.3","app_sparse_hetero",7,"WST_heteroSparse",2.96291897812002,"BALANCED",809,29,41,0,0,0,7,6,FALSE,-0.260001044793669,0.192709754274219,-0.253090991057356,0.287430330136556,-0.21184794609626,0.0230163002827229,-0.00691005373631359,-0.0481530986974095,-0.0412430449610959
"WST",10,"kappa_0.3","app_sparse_hetero",7,"WST_heteroSparse",2.96291897812002,"BALANCED",810,30,41,0,0,0,8,6,FALSE,-0.229511350370847,0.254450811431486,-0.217927647501952,0.108459511875447,-0.189239447669244,0.0375152326233798,-0.0115837028688945,-0.0402719027016021,-0.0286881998327075
"WST",10,"kappa_0.3","app_sparse_hetero",7,"WST_heteroSparse",2.96291897812002,"BALANCED",811,31,41,0,0,0,7,6,FALSE,-0.321057081422171,0.244976156034061,-0.340629136639379,0.191186014918358,-0.303881444128842,-0.0100617766655429,0.0195720552172078,-0.0171756372933292,-0.036747692510537
"WST",10,"kappa_0.3","app_sparse_hetero",7,"WST_heteroSparse",2.96291897812002,"BALANCED",812,32,41,0,0,0,4,6,FALSE,-0.373573872018786,0.159678760241183,-0.393260152458698,0.369397881920856,-0.36920687841888,0.0933436600351326,0.0196862804399123,-0.00436699359990556,-0.0240532740398178
"WST",10,"kappa_0.3","app_sparse_hetero",7,"WST_heteroSparse",2.96291897812002,"BALANCED",813,33,41,1,0,1,4,6,FALSE,-1.5493898181619,0.152955505189856,-1.48332111600023,0.16110875759359,-1.50439066266745,-0.0652519799442998,-0.066068702161667,-0.0449991554944527,0.0210695466672144
"WST",10,"kappa_0.3","app_sparse_hetero",7,"WST_heteroSparse",2.96291897812002,"BALANCED",814,34,41,0,0,0,6,6,TRUE,-0.251569669043032,0.216567323151439,-0.245104890982539,0.351617801790702,-0.22765983929385,-0.0244883337184192,-0.00646477806049361,-0.023909829749182,-0.0174450516886884
"WST",10,"kappa_0.3","app_sparse_hetero",7,"WST_heteroSparse",2.96291897812002,"BALANCED",815,35,41,0,0,0,3,6,FALSE,-0.376055166638063,0.162183612674162,-0.342527896279993,-0.00270674436365147,-0.434739930556076,0.100345987971021,-0.0335272703580705,0.0586847639180128,0.0922120342760833
"WST",10,"kappa_0.3","app_sparse_hetero",7,"WST_heteroSparse",2.96291897812002,"BALANCED",816,36,41,1,0,1,5,6,FALSE,-1.99205722363496,0.174396504635333,-1.92193815928039,0.337027460078325,-1.91660668092769,0.318369022471924,-0.0701190643545715,-0.0754505427072765,-0.00533147835270498
"WST",10,"kappa_0.3","app_sparse_hetero",7,"WST_heteroSparse",2.96291897812002,"BALANCED",817,37,41,0,0,0,7,6,FALSE,-0.27264200770527,0.320428964903363,-0.263962899138233,0.231806754414203,-0.233802561413279,0.0914793702606656,-0.00867910856703702,-0.0388394462919903,-0.0301603377249533
"WST",10,"kappa_0.3","app_sparse_hetero",7,"WST_heteroSparse",2.96291897812002,"BALANCED",818,38,41,0,0,0,9,6,FALSE,-0.217276090398556,-0.0104184388172764,-0.207355738843372,0.213284114713544,-0.180382946866764,0.00934840987902702,-0.00992035155518423,-0.0368931435317918,-0.0269727919766076
"WST",10,"kappa_0.3","app_sparse_hetero",7,"WST_heteroSparse",2.96291897812002,"BALANCED",819,39,41,0,0,0,8,6,FALSE,-0.144762341934774,-0.126476217424821,-0.158873780713493,0.36750493720585,-0.154536335578564,0.596883884073019,0.0141114387787189,0.00977399364379039,-0.00433744513492851
"WST",10,"kappa_0.3","app_sparse_hetero",7,"WST_heteroSparse",2.96291897812002,"BALANCED",820,40,41,0,0,0,10,6,FALSE,-0.2540109343429,0.441582016996112,-0.224474139995066,0.201545740329235,-0.264311800784509,0.187567837333074,-0.029536794347834,0.0103008664416091,0.0398376607894431
"WST",10,"kappa_0.3","app_sparse_hetero",7,"WST_heteroSparse",2.96291897812002,"BALANCED",821,1,42,0,0,0,2,1,FALSE,-0.564423795632615,0.425019258643495,-0.662536751976396,0.382592648679719,-0.611894064191962,0.123259401487457,0.0981129563437806,0.0474702685593469,-0.0506426877844337
"WST",10,"kappa_0.3","app_sparse_hetero",7,"WST_heteroSparse",2.96291897812002,"BALANCED",822,2,42,0,1,1,9,1,FALSE,-1.28646534129653,0.170417863492758,-1.28230583149551,0.122972233585547,-1.37694462801216,-0.00512591298853042,-0.00415950980102675,0.090479286715631,0.0946387965166577
"WST",10,"kappa_0.3","app_sparse_hetero",7,"WST_heteroSparse",2.96291897812002,"BALANCED",823,3,42,0,1,1,1,1,TRUE,-1.88132933974693,0.667340805329447,-1.7762991042175,0.525465543261118,-1.72956179463791,0.173144674553567,-0.105030235529431,-0.151767545109026,-0.0467373095795951
"WST",10,"kappa_0.3","app_sparse_hetero",7,"WST_heteroSparse",2.96291897812002,"BALANCED",824,4,42,0,1,1,8,1,FALSE,-1.5813281046998,0.131242432405098,-1.4935928629613,0.308579427029026,-1.47747174761884,0.50822864124656,-0.0877352417384945,-0.103856357080963,-0.016121115342469
"WST",10,"kappa_0.3","app_sparse_hetero",7,"WST_heteroSparse",2.96291897812002,"BALANCED",825,5,42,0,0,0,7,1,FALSE,-0.527800788927009,0.328871394295904,-0.508966245468315,0.236684857782027,-0.542135343705009,0.312267027632333,-0.0188345434586941,0.0143345547780003,0.0331690982366943
"WST",10,"kappa_0.3","app_sparse_hetero",7,"WST_heteroSparse",2.96291897812002,"BALANCED",826,6,42,0,0,0,4,1,FALSE,-0.261867200567385,0.0310122777449002,-0.19232763029127,0.23182654981873,-0.210009801263245,0.119707865192863,-0.0695395702761141,-0.05185739930414,0.0176821709719741
"WST",10,"kappa_0.3","app_sparse_hetero",7,"WST_heteroSparse",2.96291897812002,"BALANCED",827,7,42,0,0,0,6,1,FALSE,-0.542149818457475,0.192945420312348,-0.569192128099316,0.131002006006981,-0.505378924738051,0.135083509207916,0.0270423096418408,-0.0367708937194244,-0.0638132033612653
"WST",10,"kappa_0.3","app_sparse_hetero",7,"WST_heteroSparse",2.96291897812002,"BALANCED",828,8,42,0,0,0,9,1,FALSE,-0.351089136456016,0.127513479082171,-0.330233909681513,0.328233881861505,-0.306621186548797,0.504815051616434,-0.0208552267745032,-0.0444679499072196,-0.0236127231327163
"WST",10,"kappa_0.3","app_sparse_hetero",7,"WST_heteroSparse",2.96291897812002,"BALANCED",829,9,42,0,0,0,3,1,FALSE,-0.299004768789993,0.374260186162426,-0.309673472116765,0.140422798310851,-0.342726349895607,0.246168720128441,0.0106687033267727,0.043721581105614,0.0330528777788412
"WST",10,"kappa_0.3","app_sparse_hetero",7,"WST_heteroSparse",2.96291897812002,"BALANCED",830,10,42,0,0,0,3,1,FALSE,-0.328496497442832,0.33317753759378,-0.341966374749862,0.288051504129047,-0.357828203851662,-0.0818149381899819,0.0134698773070294,0.0293317064088301,0.0158618291018007
"WST",10,"kappa_0.3","app_sparse_hetero",7,"WST_heteroSparse",2.96291897812002,"BALANCED",831,11,42,0,0,0,9,1,FALSE,-0.470351299822506,0.246155002449767,-0.436808601559804,0.22093337541293,-0.403943047459178,-0.0014765675311199,-0.0335426982627025,-0.0664082523633285,-0.032865554100626
"WST",10,"kappa_0.3","app_sparse_hetero",7,"WST_heteroSparse",2.96291897812002,"BALANCED",832,12,42,0,1,1,6,1,FALSE,-1.81574176028451,0.176875915723228,-1.66129735384777,0.134869152346014,-1.8407577285074,-0.0863590975134899,-0.154444406436734,0.0250159682228919,0.179460374659626
"WST",10,"kappa_0.3","app_sparse_hetero",7,"WST_heteroSparse",2.96291897812002,"BALANCED",833,13,42,0,0,0,7,1,FALSE,-0.381881274731835,0.262799801744383,-0.383798098488917,-0.285788850660934,-0.434120366503562,0.195201122103552,0.00191682375708258,0.0522390917717273,0.0503222680146447
"WST",10,"kappa_0.3","app_sparse_hetero",7,"WST_heteroSparse",2.96291897812002,"BALANCED",834,14,42,1,0,1,1,1,TRUE,-1.7518577802562,0.0488331331480559,-1.75254826636028,0.203165633868256,-1.76747046029271,0.142372676603577,0.000690486104078403,0.0156126800365088,0.0149221939324304
"WST",10,"kappa_0.3","app_sparse_hetero",7,"WST_heteroSparse",2.96291897812002,"BALANCED",835,15,42,0,0,0,5,1,FALSE,-0.172009680483359,0.0604181833211931,-0.128536767677837,0.133898598191569,-0.157004680245069,0.321110524487861,-0.0434729128055213,-0.0150050002382898,0.0284679125672316
"WST",10,"kappa_0.3","app_sparse_hetero",7,"WST_heteroSparse",2.96291897812002,"BALANCED",836,16,42,0,0,0,10,1,FALSE,-0.336567335336961,0.396588291570168,-0.362469699250695,-0.0432385547613918,-0.425164583249009,0.1541030585725,0.0259023639137341,0.0885972479120474,0.0626948839983132
"WST",10,"kappa_0.3","app_sparse_hetero",7,"WST_heteroSparse",2.96291897812002,"BALANCED",837,17,42,0,0,0,5,1,FALSE,-0.218698774558225,-0.118868196233815,-0.146948125929172,-0.00289994456816633,-0.177788670522642,0.490165584939277,-0.0717506486290533,-0.040910104035583,0.0308405445934703
"WST",10,"kappa_0.3","app_sparse_hetero",7,"WST_heteroSparse",2.96291897812002,"BALANCED",838,18,42,0,0,0,9,1,FALSE,-0.406663374257501,0.542191385859385,-0.373164343441545,0.339738427237594,-0.347422237560627,0.171302300793404,-0.0334990308159568,-0.0592411366968744,-0.0257421058809175
"WST",10,"kappa_0.3","app_sparse_hetero",7,"WST_heteroSparse",2.96291897812002,"BALANCED",839,19,42,0,1,1,8,1,FALSE,-1.42424279675061,0.125579345269935,-1.29912043548844,0.079204037619296,-1.39147539233773,0.0378763934990333,-0.125122361262163,-0.0327674044128736,0.092354956849289
"WST",10,"kappa_0.3","app_sparse_hetero",7,"WST_heteroSparse",2.96291897812002,"BALANCED",840,20,42,2,0,2,1,1,TRUE,-3.65576624756725,0.392630254527834,-3.27336352933841,0.412723958649896,-3.22126976778269,0.386037487885253,-0.382402718228843,-0.434496479784563,-0.0520937615557209
"WST",10,"kappa_0.3","app_sparse_hetero",7,"WST_heteroSparse",2.96291897812002,"BALANCED",841,21,42,0,0,0,1,1,TRUE,-0.881211022220251,0.327933719640091,-1.03032418961486,0.517304614020831,-1.15184850446949,0.241693630638356,0.149113167394606,0.270637482249243,0.121524314854637
"WST",10,"kappa_0.3","app_sparse_hetero",7,"WST_heteroSparse",2.96291897812002,"BALANCED",842,22,42,1,0,1,7,1,FALSE,-3.44216646778037,0.431311561903503,-4.63547313467254,-0.0202343272262846,-3.45154209673431,0.263637472792248,1.19330666689217,0.00937562895394528,-1.18393103793823
"WST",10,"kappa_0.3","app_sparse_hetero",7,"WST_heteroSparse",2.96291897812002,"BALANCED",843,23,42,0,0,0,5,1,FALSE,-0.175992276995747,0.0755989104492737,-0.131162930509534,0.280126249669754,-0.14483220167083,0.353186690456648,-0.0448293464862131,-0.0311600753249168,0.0136692711612962
"WST",10,"kappa_0.3","app_sparse_hetero",7,"WST_heteroSparse",2.96291897812002,"BALANCED",844,24,42,1,1,2,1,1,TRUE,-2.80627247975309,0.441369774144353,-2.53876355542673,0.897937429149528,-2.37776391797549,0.478523357533125,-0.267508924326359,-0.428508561777602,-0.160999637451243
"WST",10,"kappa_0.3","app_sparse_hetero",7,"WST_heteroSparse",2.96291897812002,"BALANCED",845,25,42,0,0,0,10,1,FALSE,-0.242824974871231,0.117627942089911,-0.254900906777245,0.172603851478266,-0.306213876339005,0.170574489971468,0.0120759319060149,0.0633889014677749,0.05131296956176
"WST",10,"kappa_0.3","app_sparse_hetero",7,"WST_heteroSparse",2.96291897812002,"BALANCED",846,26,42,0,1,1,2,1,FALSE,-1.69669192527173,0.1890284209943,-1.59554935183519,0.260033101416367,-1.53301434204077,0.184942477012362,-0.101142573436539,-0.163677583230952,-0.0625350097944137
"WST",10,"kappa_0.3","app_sparse_hetero",7,"WST_heteroSparse",2.96291897812002,"BALANCED",847,27,42,0,0,0,2,1,FALSE,-0.273674851569903,0.110019865419684,-0.245773543121015,0.226456934215103,-0.271112898940187,0.559937679415103,-0.0279013084488886,-0.00256195262971648,0.0253393558191721
"WST",10,"kappa_0.3","app_sparse_hetero",7,"WST_heteroSparse",2.96291897812002,"BALANCED",848,28,42,0,1,1,6,1,FALSE,-1.50716736842542,0.649909607702977,-1.35302095381484,0.576226936988976,-1.51412718840546,0.471298431338718,-0.154146414610576,0.00695981998004669,0.161106234590623
"WST",10,"kappa_0.3","app_sparse_hetero",7,"WST_heteroSparse",2.96291897812002,"BALANCED",849,29,42,0,0,0,7,1,FALSE,-0.42855198112615,0.275605598607578,-0.468378325976785,0.0672590768315587,-0.436559285177195,0.309455747846271,0.0398263448506349,0.00800730405104488,-0.03181904079959
"WST",10,"kappa_0.3","app_sparse_hetero",7,"WST_heteroSparse",2.96291897812002,"BALANCED",850,30,42,0,1,1,8,1,FALSE,-1.47043658332798,0.337119524999776,-1.45198064176222,0.123794113295645,-1.56207050306158,-0.256383996450647,-0.0184559415657581,0.0916339197336011,0.110089861299359
"WST",10,"kappa_0.3","app_sparse_hetero",7,"WST_heteroSparse",2.96291897812002,"BALANCED",851,31,42,0,0,0,7,1,FALSE,-0.538111406506436,0.338879171025742,-0.430602684157922,0.111288310919212,-0.420625146828149,0.377040190407053,-0.107508722348514,-0.117486259678287,-0.0099775373297728
"WST",10,"kappa_0.3","app_sparse_hetero",7,"WST_heteroSparse",2.96291897812002,"BALANCED",852,32,42,0,0,0,4,1,FALSE,-0.204213453394477,0.0317883850105586,-0.153217496015155,0.203844642264751,-0.163878856256255,0.223113153707556,-0.0509959573793219,-0.0403345971382221,0.0106613602410999
"WST",10,"kappa_0.3","app_sparse_hetero",7,"WST_heteroSparse",2.96291897812002,"BALANCED",853,33,42,1,0,1,4,1,FALSE,-3.9461316156314,0.471181460159492,-5.22536024565201,0.333621984888199,-3.61934916335816,0.384630982390056,1.27922863002061,-0.326782452273243,-1.60601108229385
"WST",10,"kappa_0.3","app_sparse_hetero",7,"WST_heteroSparse",2.96291897812002,"BALANCED",854,34,42,0,0,0,6,1,FALSE,-0.453793437020903,0.290811705016266,-0.512911512442565,0.315567645555797,-0.430199245182386,0.163793357285958,0.0591180754216616,-0.0235941918385176,-0.0827122672601792
"WST",10,"kappa_0.3","app_sparse_hetero",7,"WST_heteroSparse",2.96291897812002,"BALANCED",855,35,42,0,1,1,3,1,FALSE,-1.52956376373108,0.254073928358929,-1.48649957880778,0.039098366891113,-1.49948819249136,0.15079877603075,-0.0430641849233018,-0.0300755712397232,0.0129886136835786
"WST",10,"kappa_0.3","app_sparse_hetero",7,"WST_heteroSparse",2.96291897812002,"BALANCED",856,36,42,0,0,0,5,1,FALSE,-0.128179987881926,0.046584258775512,-0.091154974513473,0.381821140006543,-0.104710016805551,0.392568346201976,-0.0370250133684529,-0.0234699710763753,0.0135550422920776
"WST",10,"kappa_0.3","app_sparse_hetero",7,"WST_heteroSparse",2.96291897812002,"BALANCED",857,37,42,0,1,1,7,1,FALSE,-1.43992586289066,0.235548962445916,-1.26749164046218,0.133605555951046,-1.47433790109295,0.153224777529133,-0.172434222428475,0.0344120382022961,0.206846260630771
"WST",10,"kappa_0.3","app_sparse_hetero",7,"WST_heteroSparse",2.96291897812002,"BALANCED",858,38,42,0,2,2,9,1,FALSE,-3.4486990956527,0.180793481229308,-3.42922506520373,0.456120434323093,-3.65541320835891,0.156861701027348,-0.0194740304489676,0.20671411270621,0.226188143155177
"WST",10,"kappa_0.3","app_sparse_hetero",7,"WST_heteroSparse",2.96291897812002,"BALANCED",859,39,42,0,0,0,8,1,FALSE,-0.229170366092156,0.235599492946706,-0.236413312612858,0.104915738893803,-0.306808327727444,0.667044636585077,0.00724294652070245,0.0776379616352889,0.0703950151145865
"WST",10,"kappa_0.3","app_sparse_hetero",7,"WST_heteroSparse",2.96291897812002,"BALANCED",860,40,42,0,1,1,10,1,FALSE,-1.54899989267891,0.336523106300782,-1.45055210555217,0.483801026527389,-1.35011551988175,-0.124397587606984,-0.0984477871267373,-0.198884372797161,-0.100436585670423
"WST",10,"kappa_0.3","app_sparse_hetero",7,"WST_heteroSparse",2.96291897812002,"BALANCED",861,41,42,0,1,1,6,1,FALSE,-1.44708029377939,0.164061943854218,-1.2516406492759,0.141938566185795,-1.43737789576018,0.0177190338247362,-0.195439644503485,-0.00970239801920947,0.185737246484275
"WST",10,"kappa_0.3","app_sparse_hetero",7,"WST_heteroSparse",2.96291897812002,"BALANCED",862,1,43,0,0,0,2,4,FALSE,-0.251267815775674,0.156780656129221,-0.228755586876021,-0.0214232169345947,-0.297435761664875,0.163519015901305,-0.0225122288996529,0.0461679458892013,0.0686801747888541
"WST",10,"kappa_0.3","app_sparse_hetero",7,"WST_heteroSparse",2.96291897812002,"BALANCED",863,2,43,0,0,0,9,4,FALSE,-0.162587661860857,0.52389943469015,-0.192065788687022,-0.037024378439826,-0.287843177247328,0.00324772976779731,0.0294781268261648,0.12525551538647,0.0957773885603057
"WST",10,"kappa_0.3","app_sparse_hetero",7,"WST_heteroSparse",2.96291897812002,"BALANCED",864,3,43,0,0,0,1,4,FALSE,-0.161868892492242,0.17411788150026,-0.119728975554284,0.341741149249628,-0.20689896949624,0.116896679498595,-0.0421399169379582,0.0450300770039975,0.0871699939419557
"WST",10,"kappa_0.3","app_sparse_hetero",7,"WST_heteroSparse",2.96291897812002,"BALANCED",865,4,43,0,0,0,8,4,FALSE,-0.290954509210737,0.0762884841117284,-0.304040700972251,0.24056325567611,-0.313353486974279,0.00172122036825456,0.0130861917615146,0.022398977763542,0.00931278600202745
"WST",10,"kappa_0.3","app_sparse_hetero",7,"WST_heteroSparse",2.96291897812002,"BALANCED",866,5,43,0,0,0,7,4,FALSE,-0.325762454060348,0.0579282551930141,-0.336475888346365,0.070108817284203,-0.363853916245525,0.0734981780800388,0.0107134342860169,0.0380914621851778,0.0273780278991609
"WST",10,"kappa_0.3","app_sparse_hetero",7,"WST_heteroSparse",2.96291897812002,"BALANCED",867,6,43,0,0,0,4,4,TRUE,-0.222115761517127,0.277375703062131,-0.20576646218735,0.181421531728744,-0.208045301080553,0.0573743777608079,-0.0163492993297769,-0.0140704604365745,0.00227883889320246
"WST",10,"kappa_0.3","app_sparse_hetero",7,"WST_heteroSparse",2.96291897812002,"BALANCED",868,7,43,0,0,0,6,4,FALSE,-0.370397150936069,0.167250432770802,-0.363522766892,0.202109232593675,-0.346670542943593,0.0628546755462827,-0.00687438404406837,-0.0237266079924758,-0.0168522239484075
"WST",10,"kappa_0.3","app_sparse_hetero",7,"WST_heteroSparse",2.96291897812002,"BALANCED",869,8,43,0,0,0,9,4,FALSE,-0.102651322660525,0.289796028117517,-0.12023875608859,0.0710287047930607,-0.185325392944032,0.47045226890837,0.0175874334280657,0.0826740702835069,0.0650866368554412
"WST",10,"kappa_0.3","app_sparse_hetero",7,"WST_heteroSparse",2.96291897812002,"BALANCED",870,9,43,1,0,1,3,4,FALSE,-1.28151494422553,0.259166866140486,-1.31244238866202,0.338482560555532,-1.30772498272824,0.359490910535879,0.0309274444364922,0.0262100385027075,-0.00471740593378467
"WST",10,"kappa_0.3","app_sparse_hetero",7,"WST_heteroSparse",2.96291897812002,"BALANCED",871,10,43,2,0,2,3,4,FALSE,-2.72206152509264,0.453578820694713,-2.77516702070193,-0.016831660080329,-2.79460512006727,0.284231045519487,0.0531054956092909,0.0725435949746362,0.0194380993653454
"WST",10,"kappa_0.3","app_sparse_hetero",7,"WST_heteroSparse",2.96291897812002,"BALANCED",872,11,43,0,0,0,9,4,FALSE,-0.136485618487049,0.0956241399009766,-0.160730003292332,0.0230641914145551,-0.240632809592181,0.164693205246229,0.0242443848052831,0.104147191105132,0.0799028062998488
"WST",10,"kappa_0.3","app_sparse_hetero",7,"WST_heteroSparse",2.96291897812002,"BALANCED",873,12,43,0,0,0,6,4,FALSE,-0.248336197688266,0.162085358946273,-0.264829334671469,0.362981932400443,-0.272542825933606,0.1658162785814,0.0164931369832031,0.0242066282453397,0.00771349126213661
"WST",10,"kappa_0.3","app_sparse_hetero",7,"WST_heteroSparse",2.96291897812002,"BALANCED",874,13,43,0,1,1,7,4,FALSE,-1.79582580838281,0.0739299046626408,-1.70905844898574,0.118109756641731,-1.68193054528698,-0.095143422688138,-0.0867673593970713,-0.11389526309583,-0.0271279036987586
"WST",10,"kappa_0.3","app_sparse_hetero",7,"WST_heteroSparse",2.96291897812002,"BALANCED",875,14,43,0,0,0,1,4,FALSE,-0.145310386699632,0.246242831721703,-0.12282798921422,0.309001581607067,-0.12539443251239,0.0540939996931127,-0.0224823974854118,-0.0199159541872413,0.00256644329817046
"WST",10,"kappa_0.3","app_sparse_hetero",7,"WST_heteroSparse",2.96291897812002,"BALANCED",876,15,43,0,0,0,5,4,FALSE,-0.149548252335917,0.127394977063059,-0.144952441682632,0.323467057473309,-0.151189402717071,0.214878630749547,-0.00459581065328507,0.00164115038115398,0.00623696103443905
"WST",10,"kappa_0.3","app_sparse_hetero",7,"WST_heteroSparse",2.96291897812002,"BALANCED",877,16,43,0,2,2,10,4,FALSE,-3.34342033453851,0.28000455170606,-3.46330737100128,0.350641058523749,-4.04697822817369,0.121939328684615,0.119887036462765,0.703557893635177,0.583670857172413
"WST",10,"kappa_0.3","app_sparse_hetero",7,"WST_heteroSparse",2.96291897812002,"BALANCED",878,17,43,0,0,0,5,4,FALSE,-0.180940139953055,0.158660492196572,-0.169001052633046,0.253511596305624,-0.168799640304843,0.0637079348087048,-0.0119390873200089,-0.0121404996482122,-0.000201412328203254
"WST",10,"kappa_0.3","app_sparse_hetero",7,"WST_heteroSparse",2.96291897812002,"BALANCED",879,18,43,0,0,0,9,4,FALSE,-0.113180457457967,0.19544171754998,-0.134911440308699,0.127735134036754,-0.20727756348334,-0.155258603827256,0.0217309828507313,0.094097106025373,0.0723661231746417
"WST",10,"kappa_0.3","app_sparse_hetero",7,"WST_heteroSparse",2.96291897812002,"BALANCED",880,19,43,0,0,0,8,4,FALSE,-0.34483148780311,0.257923199170913,-0.374693318816215,-0.0537215274538693,-0.37079742822027,0.21195750668897,0.0298618310131049,0.0259659404171604,-0.00389589059594453
"WST",10,"kappa_0.3","app_sparse_hetero",7,"WST_heteroSparse",2.96291897812002,"BALANCED",881,20,43,0,0,0,1,4,FALSE,-0.17301017140333,0.102586673775613,-0.133348064881567,0.449173789329357,-0.140055429868601,0.309784783270499,-0.0396621065217637,-0.0329547415347289,0.00670736498703484
"WST",10,"kappa_0.3","app_sparse_hetero",7,"WST_heteroSparse",2.96291897812002,"BALANCED",882,21,43,0,0,0,1,4,FALSE,-0.215810662816929,0.110487982895203,-0.173544728699731,0.145251078989633,-0.156089458152977,0.59402655055216,-0.0422659341171974,-0.0597212046639521,-0.0174552705467548
"WST",10,"kappa_0.3","app_sparse_hetero",7,"WST_heteroSparse",2.96291897812002,"BALANCED",883,22,43,0,1,1,7,4,FALSE,-1.83901654825629,0.447855758560066,-1.71193507355546,0.440389909134636,-1.82924173040294,0.513194756727391,-0.127081474700833,-0.00977481785335588,0.117306656847477
"WST",10,"kappa_0.3","app_sparse_hetero",7,"WST_heteroSparse",2.96291897812002,"BALANCED",884,23,43,0,0,0,5,4,FALSE,-0.155271636516442,0.504259351357215,-0.153536112788711,0.574381189152988,-0.142855666744256,0.0233236817735275,-0.00173552372773145,-0.012415969772186,-0.0106804460444545
"WST",10,"kappa_0.3","app_sparse_hetero",7,"WST_heteroSparse",2.96291897812002,"BALANCED",885,24,43,1,0,1,1,4,FALSE,-2.50508830520438,0.334902343846706,-2.33368827966562,0.0489445883705435,-2.68550191565087,0.36562273775584,-0.17140002553876,0.180413610446484,0.351813635985244
"WST",10,"kappa_0.3","app_sparse_hetero",7,"WST_heteroSparse",2.96291897812002,"BALANCED",886,25,43,0,0,0,10,4,FALSE,-0.244960004726203,0.117448976698888,-0.23337038231584,0.0784998873002049,-0.205161521293889,0.243410978456746,-0.0115896224103631,-0.039798483432314,-0.0282088610219509
"WST",10,"kappa_0.3","app_sparse_hetero",7,"WST_heteroSparse",2.96291897812002,"BALANCED",887,26,43,1,0,1,2,4,FALSE,-1.36533733484208,0.412016681560321,-1.25654060174284,0.220879189660968,-1.24452732591885,0.309815530366719,-0.108796733099235,-0.12081000892323,-0.0120132758239944
"WST",10,"kappa_0.3","app_sparse_hetero",7,"WST_heteroSparse",2.96291897812002,"BALANCED",888,27,43,0,0,0,2,4,FALSE,-0.370490778237773,-0.141246557730988,-0.402722420646501,0.195015509398243,-0.396885149721552,0.377243015256476,0.0322316424087274,0.0263943714837787,-0.00583727092494879
"WST",10,"kappa_0.3","app_sparse_hetero",7,"WST_heteroSparse",2.96291897812002,"BALANCED",889,28,43,0,1,1,6,4,FALSE,-1.67235283144562,0.383323149214077,-1.63864387684565,0.231323819198366,-1.67554272796587,0.351981159498975,-0.0337089545999731,0.00318989652024726,0.0368988511202204
"WST",10,"kappa_0.3","app_sparse_hetero",7,"WST_heteroSparse",2.96291897812002,"BALANCED",890,29,43,0,0,0,7,4,FALSE,-0.286104777101065,0.138782219867246,-0.313366240813352,0.109144007171186,-0.300989795620819,-0.0446395244652165,0.0272614637122865,0.0148850185197533,-0.0123764451925332
"WST",10,"kappa_0.3","app_sparse_hetero",7,"WST_heteroSparse",2.96291897812002,"BALANCED",891,30,43,0,0,0,8,4,FALSE,-0.118567572604684,0.342671864789653,-0.14711629390162,0.24210749976354,-0.212908605832126,0.0615825838476131,0.0285487212969358,0.0943410332274421,0.0657923119305064
"WST",10,"kappa_0.3","app_sparse_hetero",7,"WST_heteroSparse",2.96291897812002,"BALANCED",892,31,43,0,0,0,7,4,FALSE,-0.32185273335167,0.20722831018243,-0.295461629021304,-0.0898817152516026,-0.301919223860313,0.0313406848767733,-0.026391104330366,-0.0199335094913566,0.00645759483900932
"WST",10,"kappa_0.3","app_sparse_hetero",7,"WST_heteroSparse",2.96291897812002,"BALANCED",893,32,43,0,0,0,4,4,TRUE,-0.177732316393846,0.0437851542670933,-0.174671134084829,0.369822092533883,-0.164992206572244,0.135761823977187,-0.00306118230901653,-0.0127401098216025,-0.00967892751258592
"WST",10,"kappa_0.3","app_sparse_hetero",7,"WST_heteroSparse",2.96291897812002,"BALANCED",894,33,43,0,0,0,4,4,TRUE,-0.181021223457266,0.571227641994654,-0.167094075773695,0.445167546570749,-0.166024037344355,0.165220775361472,-0.0139271476835718,-0.014997186112911,-0.00107003842933917
"WST",10,"kappa_0.3","app_sparse_hetero",7,"WST_heteroSparse",2.96291897812002,"BALANCED",895,34,43,0,0,0,6,4,FALSE,-0.271074533047436,0.226987723550467,-0.305193442576615,0.165767648002654,-0.291902007683886,0.0216902821177352,0.0341189095291794,0.0208274746364498,-0.0132914348927295
"WST",10,"kappa_0.3","app_sparse_hetero",7,"WST_heteroSparse",2.96291897812002,"BALANCED",896,35,43,0,0,0,3,4,FALSE,-0.687212712392862,0.0982373165414088,-0.667339046262547,0.055711554392305,-0.619625526232014,0.0598087341488836,-0.0198736661303149,-0.0675871861608481,-0.0477135200305332
"WST",10,"kappa_0.3","app_sparse_hetero",7,"WST_heteroSparse",2.96291897812002,"BALANCED",897,36,43,0,0,0,5,4,FALSE,-0.114195385578008,0.131472620004806,-0.098832225636075,0.0733445157012824,-0.103184339199939,0.186241255503838,-0.0153631599419333,-0.0110110463780693,0.004352113563864
"WST",10,"kappa_0.3","app_sparse_hetero",7,"WST_heteroSparse",2.96291897812002,"BALANCED",898,37,43,0,0,0,7,4,FALSE,-0.348859566876325,0.205106613304186,-0.34258140661056,-0.0189983532591902,-0.316343266916153,0.216097838156574,-0.006278160265766,-0.0325162999601725,-0.0262381396944065
"WST",10,"kappa_0.3","app_sparse_hetero",7,"WST_heteroSparse",2.96291897812002,"BALANCED",899,38,43,0,0,0,9,4,FALSE,-0.112464346976158,0.182577577662338,-0.140601015611233,0.113906517054055,-0.205495167018676,0.269162817415746,0.0281366686350752,0.0930308200425181,0.0648941514074428
"WST",10,"kappa_0.3","app_sparse_hetero",7,"WST_heteroSparse",2.96291897812002,"BALANCED",900,39,43,0,0,0,8,4,FALSE,-0.224111542213982,0.185193812168331,-0.214552464200697,0.255896297523835,-0.22679162086563,0.912580496898215,-0.00955907801328504,0.00268007865164854,0.0122391566649336
"WST",10,"kappa_0.3","app_sparse_hetero",7,"WST_heteroSparse",2.96291897812002,"BALANCED",901,40,43,0,0,0,10,4,FALSE,-0.504331021208442,0.234501030687837,-0.48747726298963,0.165739173687475,-0.29927226015263,0.22482017970835,-0.0168537582188115,-0.205058761055811,-0.188205002837
"WST",10,"kappa_0.3","app_sparse_hetero",7,"WST_heteroSparse",2.96291897812002,"BALANCED",902,41,43,0,0,0,6,4,FALSE,-0.346790640603507,0.300926692783192,-0.359072987618505,0.284418264843598,-0.34199079810753,0.0673614801833007,0.0122823470149989,-0.00479984249597631,-0.0170821895109752
"WST",10,"kappa_0.3","app_sparse_hetero",7,"WST_heteroSparse",2.96291897812002,"BALANCED",903,42,43,0,0,0,1,4,FALSE,-0.188735491172448,0.194256130976795,-0.14309131980561,0.406815926609659,-0.152550382150757,0.270912643666751,-0.0456441713668383,-0.0361851090216909,0.00945906234514737
"WST",10,"kappa_0.3","app_sparse_hetero",7,"WST_heteroSparse",2.96291897812002,"BALANCED",904,1,44,0,0,0,2,9,FALSE,-0.345372066879793,0.227478499873991,-0.34402904452358,0.183389827741114,-0.34145038957334,0.0528865177107623,-0.00134302235621231,-0.00392167730645276,-0.00257865495024046
"WST",10,"kappa_0.3","app_sparse_hetero",7,"WST_heteroSparse",2.96291897812002,"BALANCED",905,2,44,1,2,3,9,9,TRUE,-4.591265885117,0.593479489446292,-4.46985943324131,0.438761794093481,-5.67449940792293,0.482035631485263,-0.121406451875695,1.08323352280592,1.20463997468162
"WST",10,"kappa_0.3","app_sparse_hetero",7,"WST_heteroSparse",2.96291897812002,"BALANCED",906,3,44,0,0,0,1,9,FALSE,-0.388822514160053,0.187904957960092,-0.385643208338784,0.31501461463821,-0.347348945942661,0.118287565059688,-0.00317930582126813,-0.0414735682173912,-0.0382942623961231
"WST",10,"kappa_0.3","app_sparse_hetero",7,"WST_heteroSparse",2.96291897812002,"BALANCED",907,4,44,0,0,0,8,9,FALSE,-0.334141581017003,0.451626583011264,-0.326987684555601,0.537643442722745,-0.299608457349526,0.278749294294988,-0.00715389646140174,-0.0345331236674769,-0.0273792272060751
"WST",10,"kappa_0.3","app_sparse_hetero",7,"WST_heteroSparse",2.96291897812002,"BALANCED",908,5,44,0,0,0,7,9,FALSE,-0.319355722374753,0.158688960931375,-0.324767154714758,0.30966222515565,-0.276759476660105,0.266932146364091,0.00541143234000518,-0.0425962457146474,-0.0480076780546526
"WST",10,"kappa_0.3","app_sparse_hetero",7,"WST_heteroSparse",2.96291897812002,"BALANCED",909,6,44,0,0,0,4,9,FALSE,-0.255467616987427,0.14961472565088,-0.253390642958509,0.138321096750348,-0.379973189249486,0.225746771367618,-0.00207697402891771,0.124505572262059,0.126582546290977
"WST",10,"kappa_0.3","app_sparse_hetero",7,"WST_heteroSparse",2.96291897812002,"BALANCED",910,7,44,0,0,0,6,9,FALSE,-0.248265751428015,0.182321211146069,-0.258832905196877,0.122603027347685,-0.242678790790967,0.0300720768101533,0.0105671537688625,-0.00558696063704822,-0.0161541144059107
"WST",10,"kappa_0.3","app_sparse_hetero",7,"WST_heteroSparse",2.96291897812002,"BALANCED",911,8,44,0,1,1,9,9,TRUE,-1.84100604599333,0.640384328378377,-1.86928791098189,0.0664502042226451,-2.17856385523866,0.0730310300891598,0.0282818649885623,0.337557809245325,0.309275944256763
"WST",10,"kappa_0.3","app_sparse_hetero",7,"WST_heteroSparse",2.96291897812002,"BALANCED",912,9,44,0,0,0,3,9,FALSE,-0.295301736108439,0.104131831714048,-0.333514832629474,0.110584995132137,-0.408429663562428,0.223730911267327,0.0382130965210346,0.113127927453989,0.0749148309329541
"WST",10,"kappa_0.3","app_sparse_hetero",7,"WST_heteroSparse",2.96291897812002,"BALANCED",913,10,44,0,0,0,3,9,FALSE,-0.290859992909628,0.482382747724842,-0.333648298171085,0.203199796577717,-0.428947731512856,0.000826836813234359,0.0427883052614568,0.138087738603228,0.0952994333417712
"WST",10,"kappa_0.3","app_sparse_hetero",7,"WST_heteroSparse",2.96291897812002,"BALANCED",914,11,44,0,1,1,9,9,TRUE,-1.79783730764608,0.383540490640013,-1.7802062600833,0.201921397573219,-1.99271617637466,0.0766595182677177,-0.0176310475627863,0.194878868728577,0.212509916291364
"WST",10,"kappa_0.3","app_sparse_hetero",7,"WST_heteroSparse",2.96291897812002,"BALANCED",915,12,44,0,0,0,6,9,FALSE,-0.225224266651919,0.484828149048166,-0.255349941830652,0.380694648700778,-0.22545071721248,0.276815997708398,0.0301256751787324,0.00022645056056092,-0.0298992246181715
"WST",10,"kappa_0.3","app_sparse_hetero",7,"WST_heteroSparse",2.96291897812002,"BALANCED",916,13,44,0,0,0,7,9,FALSE,-0.278762714940076,0.38429433461598,-0.264301775991641,0.21264926629436,-0.238669865328859,0.308759372774757,-0.0144609389484351,-0.0400928496112174,-0.0256319106627823
"WST",10,"kappa_0.3","app_sparse_hetero",7,"WST_heteroSparse",2.96291897812002,"BALANCED",917,14,44,0,0,0,1,9,FALSE,-0.469061260868693,0.453924282463478,-0.436939840967225,0.346408954384959,-0.389558691990088,0.210354261731154,-0.0321214199014674,-0.0795025688786044,-0.047381148977137
"WST",10,"kappa_0.3","app_sparse_hetero",7,"WST_heteroSparse",2.96291897812002,"BALANCED",918,15,44,0,0,0,5,9,FALSE,-0.176535612554229,0.224929472621649,-0.176125085627206,-0.0570716900936536,-0.259696112168117,-0.127341018141601,-0.000410526927023369,0.0831604996138884,0.0835710265409118
"WST",10,"kappa_0.3","app_sparse_hetero",7,"WST_heteroSparse",2.96291897812002,"BALANCED",919,16,44,0,0,0,10,9,FALSE,-0.214173310628326,-0.0905151931642845,-0.265802869909752,0.314614646878344,-0.459310120366367,0.159838856286035,0.0516295592814258,0.245136809738041,0.193507250456615
"WST",10,"kappa_0.3","app_sparse_hetero",7,"WST_heteroSparse",2.96291897812002,"BALANCED",920,17,44,1,0,1,5,9,FALSE,-2.12316231802923,0.390575946383518,-2.01894550253501,0.223895433827492,-1.6396099839987,0.0794214361869478,-0.104216815494216,-0.483552334030531,-0.379335518536315
"WST",10,"kappa_0.3","app_sparse_hetero",7,"WST_heteroSparse",2.96291897812002,"BALANCED",921,18,44,1,2,3,9,9,TRUE,-5.48492005647782,0.773991973480598,-5.31057435888371,0.167694547526715,-6.56004959116869,0.246867421800809,-0.17434569759411,1.07512953469086,1.24947523228497
"WST",10,"kappa_0.3","app_sparse_hetero",7,"WST_heteroSparse",2.96291897812002,"BALANCED",922,19,44,0,0,0,8,9,FALSE,-0.316196358112351,0.379270592942095,-0.296121717354622,0.0693559748307412,-0.269365058766099,0.208391524351779,-0.0200746407577288,-0.0468312993462519,-0.0267566585885231
"WST",10,"kappa_0.3","app_sparse_hetero",7,"WST_heteroSparse",2.96291897812002,"BALANCED",923,20,44,1,0,1,1,9,FALSE,-1.4160259231307,0.351767066021613,-1.34957582557022,0.277827494857053,-1.45130817539472,0.115589844513817,-0.0664500975604829,0.0352822522640226,0.101732349824506
"WST",10,"kappa_0.3","app_sparse_hetero",7,"WST_heteroSparse",2.96291897812002,"BALANCED",924,21,44,0,0,0,1,9,FALSE,-0.446833643603692,0.238219169790108,-0.444481776870486,0.137072995332768,-0.420622906503515,0.220646713437187,-0.00235186673320609,-0.0262107371001772,-0.0238588703669711
"WST",10,"kappa_0.3","app_sparse_hetero",7,"WST_heteroSparse",2.96291897812002,"BALANCED",925,22,44,0,0,0,7,9,FALSE,-0.245476217857457,0.433605035850426,-0.242775427699214,0.251277852118923,-0.221099227029666,0.513079618537671,-0.00270079015824276,-0.0243769908277907,-0.0216762006695479
"WST",10,"kappa_0.3","app_sparse_hetero",7,"WST_heteroSparse",2.96291897812002,"BALANCED",926,23,44,0,0,0,5,9,FALSE,-0.177066292369398,0.1770194327501,-0.182584735132043,0.166560175134902,-0.257829591039968,0.0543854047437652,0.00551844276264468,0.0807632986705702,0.0752448559079255
"WST",10,"kappa_0.3","app_sparse_hetero",7,"WST_heteroSparse",2.96291897812002,"BALANCED",927,24,44,0,0,0,1,9,FALSE,-0.547682071283929,0.0106647250780324,-0.532991103678235,0.108248209658308,-0.48052917142727,-0.018143052504413,-0.0146909676056941,-0.0671528998566595,-0.0524619322509654
"WST",10,"kappa_0.3","app_sparse_hetero",7,"WST_heteroSparse",2.96291897812002,"BALANCED",928,25,44,0,0,0,10,9,FALSE,-0.144812285516581,0.236318616023723,-0.162817572937048,0.145293634241195,-0.200698350406982,0.251632220029048,0.0180052874204666,0.0558860648904007,0.0378807774699341
"WST",10,"kappa_0.3","app_sparse_hetero",7,"WST_heteroSparse",2.96291897812002,"BALANCED",929,26,44,2,0,2,2,9,FALSE,-3.41951812874501,0.40742102765951,-3.32072327066518,0.217605393397019,-3.03669829711671,0.298562995660846,-0.0987948580798257,-0.382819831628303,-0.284024973548477
"WST",10,"kappa_0.3","app_sparse_hetero",7,"WST_heteroSparse",2.96291897812002,"BALANCED",930,27,44,1,0,1,2,9,FALSE,-1.75623806270896,0.276572473520782,-1.72905302074451,0.240392321981535,-1.61661278514088,0.130296347883447,-0.027185041964441,-0.139625277568078,-0.112440235603637
"WST",10,"kappa_0.3","app_sparse_hetero",7,"WST_heteroSparse",2.96291897812002,"BALANCED",931,28,44,0,0,0,6,9,FALSE,-0.217517604243316,0.140577723550202,-0.234590728920502,0.00775452141040792,-0.21895532012093,0.232847656308535,0.0170731246771867,0.00143771587761421,-0.0156354087995725
"WST",10,"kappa_0.3","app_sparse_hetero",7,"WST_heteroSparse",2.96291897812002,"BALANCED",932,29,44,0,0,0,7,9,FALSE,-0.271220238911683,0.46225563498864,-0.254634245442859,0.278013657815911,-0.222287266723432,-0.0104784353894073,-0.0165859934688237,-0.0489329721882505,-0.0323469787194268
"WST",10,"kappa_0.3","app_sparse_hetero",7,"WST_heteroSparse",2.96291897812002,"BALANCED",933,30,44,0,0,0,8,9,FALSE,-1.01239856482422,0.496063107003279,-0.830479441274303,0.228955026507621,-0.438911085892419,0.196091714488261,-0.181919123549916,-0.573487478931799,-0.391568355381883
"WST",10,"kappa_0.3","app_sparse_hetero",7,"WST_heteroSparse",2.96291897812002,"BALANCED",934,31,44,0,0,0,7,9,FALSE,-0.371693683629312,0.301998460021692,-0.283510918900117,0.132454368681782,-0.279364147965433,0.27442859301216,-0.0881827647291944,-0.0923295356638789,-0.00414677093468452
"WST",10,"kappa_0.3","app_sparse_hetero",7,"WST_heteroSparse",2.96291897812002,"BALANCED",935,32,44,1,0,1,4,9,FALSE,-2.1261098194781,0.165955329957336,-2.02278473680723,0.180285101378758,-1.65504750266166,0.0482407715180896,-0.103325082670867,-0.47106231681644,-0.367737234145572
"WST",10,"kappa_0.3","app_sparse_hetero",7,"WST_heteroSparse",2.96291897812002,"BALANCED",936,33,44,0,0,0,4,9,FALSE,-0.207867634866544,0.0559445233364699,-0.203827941924614,0.0866940529482219,-0.30144227028527,0.137639449404873,-0.0040396929419293,0.0935746354187268,0.0976143283606561
"WST",10,"kappa_0.3","app_sparse_hetero",7,"WST_heteroSparse",2.96291897812002,"BALANCED",937,34,44,0,0,0,6,9,FALSE,-0.262922386138384,0.315258174924027,-0.25328806743527,0.181118250762904,-0.221091626195951,0.369597812110402,-0.00963431870311382,-0.0418307599424335,-0.0321964412393196
"WST",10,"kappa_0.3","app_sparse_hetero",7,"WST_heteroSparse",2.96291897812002,"BALANCED",938,35,44,0,0,0,3,9,FALSE,-0.333365538954561,0.355141092424593,-0.381969709156238,0.22984146197595,-0.48277955246963,0.0731197640277424,0.0486041702016768,0.149414013515069,0.100809843313392
"WST",10,"kappa_0.3","app_sparse_hetero",7,"WST_heteroSparse",2.96291897812002,"BALANCED",939,36,44,1,0,1,5,9,FALSE,-2.59569754295813,0.0377591909826572,-2.51706417300083,0.109916775546937,-2.06040802089368,0.0649674964013117,-0.0786333699572959,-0.535289522064454,-0.456656152107158
"WST",10,"kappa_0.3","app_sparse_hetero",7,"WST_heteroSparse",2.96291897812002,"BALANCED",940,37,44,0,0,0,7,9,FALSE,-0.246910835563797,0.16593512914752,-0.263922350980274,0.343736959078395,-0.241525590783161,0.169839900049412,0.0170115154164776,-0.00538524478063529,-0.0223967601971129
"WST",10,"kappa_0.3","app_sparse_hetero",7,"WST_heteroSparse",2.96291897812002,"BALANCED",941,38,44,2,0,2,9,9,TRUE,-4.23944382021938,0.77458868974227,-4.60999884865732,1.66006285221476,-4.60716394240702,0.0940730362830435,0.370555028437939,0.367720122187638,-0.00283490625030058
"WST",10,"kappa_0.3","app_sparse_hetero",7,"WST_heteroSparse",2.96291897812002,"BALANCED",942,39,44,0,0,0,8,9,FALSE,-0.15277713999494,0.0710878376929499,-0.177719728579458,0.0770010772896381,-0.204894088791859,0.163445625809941,0.0249425885845174,0.0521169487969182,0.0271743602124008
"WST",10,"kappa_0.3","app_sparse_hetero",7,"WST_heteroSparse",2.96291897812002,"BALANCED",943,40,44,0,0,0,10,9,FALSE,-0.271679274488449,0.1146531583982,-0.429326055339007,0.0551366614994882,-0.61661732101993,0.130994506285717,0.157646780850558,0.344938046531482,0.187291265680924
"WST",10,"kappa_0.3","app_sparse_hetero",7,"WST_heteroSparse",2.96291897812002,"BALANCED",944,41,44,0,0,0,6,9,FALSE,-0.277732125441346,0.0574870950202958,-0.275300715774944,0.272637948306885,-0.239931722851201,0.0966538386882412,-0.00243140966640176,-0.0378004025901451,-0.0353689929237433
"WST",10,"kappa_0.3","app_sparse_hetero",7,"WST_heteroSparse",2.96291897812002,"BALANCED",945,42,44,0,0,0,1,9,FALSE,-0.514338748864561,-0.00134980170223762,-0.511454581378168,0.424283573493347,-0.4628617966102,0.052824667885733,-0.00288416748639264,-0.0514769522543608,-0.0485927847679681
"WST",10,"kappa_0.3","app_sparse_hetero",7,"WST_heteroSparse",2.96291897812002,"BALANCED",946,43,44,0,0,0,4,9,FALSE,-0.188600461184547,0.206115326310126,-0.190396119488317,-0.0435088205193307,-0.275290890481531,0.097516713263423,0.00179565830377015,0.0866904292969846,0.0848947709932144
"WST",10,"kappa_0.3","app_sparse_hetero",7,"WST_heteroSparse",2.96291897812002,"BALANCED",947,1,45,2,0,2,2,2,TRUE,-4.70898530180408,0.536644382006966,-4.71098593332158,0.263853033048533,-4.94693643735206,0.129818374394292,0.00200063151750385,0.237951135547987,0.235950504030483
"WST",10,"kappa_0.3","app_sparse_hetero",7,"WST_heteroSparse",2.96291897812002,"BALANCED",948,2,45,0,1,1,9,2,FALSE,-1.67096600917171,0.192726884894244,-1.60583170732818,-0.0270857599172131,-1.41184553555879,0.0974247592491427,-0.0651343018435329,-0.259120473612928,-0.193986171769395
"WST",10,"kappa_0.3","app_sparse_hetero",7,"WST_heteroSparse",2.96291897812002,"BALANCED",949,3,45,0,0,0,1,2,FALSE,-0.257088170281823,0.12006798549322,-0.210398802797282,0.16926577825246,-0.237534820781509,0.289397369681681,-0.0466893674845412,-0.0195533495003142,0.027136017984227
"WST",10,"kappa_0.3","app_sparse_hetero",7,"WST_heteroSparse",2.96291897812002,"BALANCED",950,4,45,0,0,0,8,2,FALSE,-0.366683476468348,0.258136235425653,-0.430754276097234,0.279690851301998,-0.370325606056152,0.057779186963953,0.0640707996288867,0.00364212958780463,-0.0604286700410821
"WST",10,"kappa_0.3","app_sparse_hetero",7,"WST_heteroSparse",2.96291897812002,"BALANCED",951,5,45,0,1,1,7,2,FALSE,-1.5634758971533,0.235313800705614,-1.45504648733234,0.237029274749432,-1.44978236744316,0.443926873949252,-0.10842940982096,-0.113693529710137,-0.0052641198891763
"WST",10,"kappa_0.3","app_sparse_hetero",7,"WST_heteroSparse",2.96291897812002,"BALANCED",952,6,45,0,0,0,4,2,FALSE,-0.560029769450905,0.0326689999344375,-0.630965468394338,0.146970538842767,-0.633280701595294,0.0629685264289961,0.0709356989434333,0.073250932144389,0.00231523320095572
"WST",10,"kappa_0.3","app_sparse_hetero",7,"WST_heteroSparse",2.96291897812002,"BALANCED",953,7,45,0,0,0,6,2,FALSE,-0.364837201688166,0.20016328202755,-0.313581336878062,0.0715910468228607,-0.384778188338315,0.168856346453593,-0.0512558648101047,0.0199409866501492,0.0711968514602539
"WST",10,"kappa_0.3","app_sparse_hetero",7,"WST_heteroSparse",2.96291897812002,"BALANCED",954,8,45,0,0,0,9,2,FALSE,-0.22600522982348,0.193987118728797,-0.210587865816548,0.201911049581784,-0.262248284684087,0.082644661114447,-0.0154173640069324,0.0362430548606065,0.0516604188675389
"WST",10,"kappa_0.3","app_sparse_hetero",7,"WST_heteroSparse",2.96291897812002,"BALANCED",955,9,45,0,0,0,3,2,FALSE,-0.340880579932692,0.0669470912435259,-0.346232736345874,-0.111075320493637,-0.335922600980439,-0.145952095756692,0.00535215641318132,-0.00495797895225358,-0.0103101353654349
"WST",10,"kappa_0.3","app_sparse_hetero",7,"WST_heteroSparse",2.96291897812002,"BALANCED",956,10,45,0,0,0,3,2,FALSE,-0.352549293085128,-0.0438570584736964,-0.366508370573448,0.125752610152222,-0.355501610664119,0.0868046515855337,0.0139590774883196,0.00295231757899028,-0.0110067599093293
"WST",10,"kappa_0.3","app_sparse_hetero",7,"WST_heteroSparse",2.96291897812002,"BALANCED",957,11,45,0,0,0,9,2,FALSE,-0.298836320116077,0.150590551730804,-0.279672696304063,-0.123762480748296,-0.34943979201119,-0.0495689092066692,-0.0191636238120143,0.0506034718951129,0.0697670957071272
"WST",10,"kappa_0.3","app_sparse_hetero",7,"WST_heteroSparse",2.96291897812002,"BALANCED",958,12,45,0,0,0,6,2,FALSE,-0.324541005004271,-0.0858449370244441,-0.359381084240605,0.170074915869386,-0.33860047671304,0.194480271355393,0.0348400792363339,0.0140594717087694,-0.0207806075275645
"WST",10,"kappa_0.3","app_sparse_hetero",7,"WST_heteroSparse",2.96291897812002,"BALANCED",959,13,45,1,0,1,7,2,FALSE,-4.16139236899288,0.376348919134779,-4.61831731261228,0.588080520109733,-4.46260049748863,0.541380759041977,0.456924943619396,0.301208128495748,-0.155716815123648
"WST",10,"kappa_0.3","app_sparse_hetero",7,"WST_heteroSparse",2.96291897812002,"BALANCED",960,14,45,0,0,0,1,2,FALSE,-0.302773121786362,0.366703855108704,-0.234301156448106,0.197724007610686,-0.256076652122075,-0.0329909284269582,-0.0684719653382553,-0.0466964696642869,0.0217754956739684
"WST",10,"kappa_0.3","app_sparse_hetero",7,"WST_heteroSparse",2.96291897812002,"BALANCED",961,15,45,0,1,1,5,2,FALSE,-1.99129857761973,0.293746232707477,-1.86832682577077,0.0101196057131468,-1.86779342038014,-0.065546425363167,-0.122971751848959,-0.123505157239587,-0.000533405390628516
"WST",10,"kappa_0.3","app_sparse_hetero",7,"WST_heteroSparse",2.96291897812002,"BALANCED",962,16,45,0,2,2,10,2,FALSE,-3.1974281240479,0.433098412619081,-2.88991091578274,0.0762480760517624,-3.41391052707846,0.392657351877154,-0.307517208265162,0.216482403030559,0.523999611295721
"WST",10,"kappa_0.3","app_sparse_hetero",7,"WST_heteroSparse",2.96291897812002,"BALANCED",963,17,45,0,0,0,5,2,FALSE,-0.444281853503131,0.141569197132178,-0.496590040642642,0.141972151390856,-0.497433559916667,0.0626837569793235,0.0523081871395101,0.0531517064135354,0.000843519274025262
"WST",10,"kappa_0.3","app_sparse_hetero",7,"WST_heteroSparse",2.96291897812002,"BALANCED",964,18,45,0,0,0,9,2,FALSE,-0.253255070641231,0.104996017166222,-0.235893885077147,0.116011578582024,-0.299214758792821,0.0511619474298943,-0.0173611855640843,0.0459596881515898,0.0633208737156741
"WST",10,"kappa_0.3","app_sparse_hetero",7,"WST_heteroSparse",2.96291897812002,"BALANCED",965,19,45,0,0,0,8,2,FALSE,-0.404126879462651,0.0793634160935839,-0.399993799824776,0.133415595524721,-0.417522485206217,-0.0865758729750302,-0.00413307963787446,0.0133956057435665,0.0175286853814409
"WST",10,"kappa_0.3","app_sparse_hetero",7,"WST_heteroSparse",2.96291897812002,"BALANCED",966,20,45,0,0,0,1,2,FALSE,-0.30590991616854,0.433373263289305,-0.257914124325839,0.293515667272118,-0.281676102078603,0.106810344627714,-0.047995791842701,-0.0242338140899365,0.0237619777527645
"WST",10,"kappa_0.3","app_sparse_hetero",7,"WST_heteroSparse",2.96291897812002,"BALANCED",967,21,45,0,0,0,1,2,FALSE,-0.308946278209712,0.21904104459157,-0.255533208230054,0.27697014593557,-0.280358679683769,0.202175058731166,-0.0534130699796576,-0.0285875985259425,0.0248254714537151
"WST",10,"kappa_0.3","app_sparse_hetero",7,"WST_heteroSparse",2.96291897812002,"BALANCED",968,22,45,0,0,0,7,2,FALSE,-0.284746933646068,0.236748442095172,-0.273066848268496,0.0606167066113011,-0.318174304017038,0.2466984876399,-0.0116800853775718,0.03342737037097,0.0451074557485418
"WST",10,"kappa_0.3","app_sparse_hetero",7,"WST_heteroSparse",2.96291897812002,"BALANCED",969,23,45,0,0,0,5,2,FALSE,-0.380995178926466,0.171274403925558,-0.422861057397478,0.159668499892403,-0.431616775859917,0.0377398229266517,0.041865878471012,0.0506215969334507,0.00875571846243872
"WST",10,"kappa_0.3","app_sparse_hetero",7,"WST_heteroSparse",2.96291897812002,"BALANCED",970,24,45,0,0,0,1,2,FALSE,-0.358582258566525,0.0408001257914604,-0.29075220015925,-0.0921962971469295,-0.324823145515852,0.165533695950608,-0.0678300584072753,-0.0337591130506727,0.0340709453566026
"WST",10,"kappa_0.3","app_sparse_hetero",7,"WST_heteroSparse",2.96291897812002,"BALANCED",971,25,45,0,1,1,10,2,FALSE,-1.72526263887574,0.345734385684046,-1.64875050799164,0.0492438053265523,-1.79191482644514,-0.0385503533301639,-0.0765121308841046,0.0666521875693951,0.1431643184535
"WST",10,"kappa_0.3","app_sparse_hetero",7,"WST_heteroSparse",2.96291897812002,"BALANCED",972,26,45,0,0,0,2,2,TRUE,-0.456640134634426,0.318933244733261,-0.427210343151134,0.33692506302881,-0.38241302384555,-0.0900156942555215,-0.0294297914832926,-0.0742271107888763,-0.0447973193055837
"WST",10,"kappa_0.3","app_sparse_hetero",7,"WST_heteroSparse",2.96291897812002,"BALANCED",973,27,45,0,1,1,2,2,TRUE,-3.15915847700419,0.119655015699193,-3.3753222250988,0.180382597862558,-3.21195276108139,0.0750728243796477,0.216163748094603,0.052794284077196,-0.163369464017407
"WST",10,"kappa_0.3","app_sparse_hetero",7,"WST_heteroSparse",2.96291897812002,"BALANCED",974,28,45,0,2,2,6,2,FALSE,-4.07777933307082,0.291519846554429,-4.12751964288354,0.122526214697221,-3.61610240206351,0.362666374303779,0.0497403098127185,-0.461676931007313,-0.511417240820031
"WST",10,"kappa_0.3","app_sparse_hetero",7,"WST_heteroSparse",2.96291897812002,"BALANCED",975,29,45,0,0,0,7,2,FALSE,-0.309748651695829,0.34829344224943,-0.312846791208545,-0.0135778833000991,-0.338785473020764,-0.023108179425557,0.00309813951271654,0.0290368213249357,0.0259386818122191
"WST",10,"kappa_0.3","app_sparse_hetero",7,"WST_heteroSparse",2.96291897812002,"BALANCED",976,30,45,0,0,0,8,2,FALSE,-0.266432370794448,0.189390553731705,-0.250267763879541,-0.0598464038815136,-0.310890673160148,0.106531886943878,-0.0161646069149066,0.0444583023657001,0.0606229092806068
"WST",10,"kappa_0.3","app_sparse_hetero",7,"WST_heteroSparse",2.96291897812002,"BALANCED",977,31,45,0,1,1,7,2,FALSE,-1.82054259707415,0.726213425426204,-1.59134684492147,0.337175551590025,-1.59995359804525,0.757142412148009,-0.229195752152678,-0.220588999028896,0.00860675312378145
"WST",10,"kappa_0.3","app_sparse_hetero",7,"WST_heteroSparse",2.96291897812002,"BALANCED",978,32,45,0,0,0,4,2,FALSE,-0.448394238332281,0.264490650341427,-0.491406873783491,0.0669459775871799,-0.488621483298139,0.168288477671684,0.0430126354512108,0.0402272449658581,-0.00278539048535276
"WST",10,"kappa_0.3","app_sparse_hetero",7,"WST_heteroSparse",2.96291897812002,"BALANCED",979,33,45,0,0,0,4,2,FALSE,-0.44643993074706,0.0878089447703434,-0.498504595728908,0.265130992389019,-0.50900156129732,0.186789319336118,0.0520646649818479,0.0625616305502605,0.0104969655684126
"WST",10,"kappa_0.3","app_sparse_hetero",7,"WST_heteroSparse",2.96291897812002,"BALANCED",980,34,45,0,0,0,6,2,FALSE,-0.310642750147806,0.280869803871242,-0.282413407948562,0.184198603651988,-0.347066470903214,0.0677634310202934,-0.0282293421992437,0.0364237207554083,0.064653062954652
"WST",10,"kappa_0.3","app_sparse_hetero",7,"WST_heteroSparse",2.96291897812002,"BALANCED",981,35,45,0,0,0,3,2,FALSE,-0.408536343442651,-0.0940316205153973,-0.427118613542352,0.199728516322097,-0.406118306464444,0.153993837710175,0.0185822700997011,-0.00241803697820675,-0.0210003070779079
"WST",10,"kappa_0.3","app_sparse_hetero",7,"WST_heteroSparse",2.96291897812002,"BALANCED",982,36,45,0,0,0,5,2,FALSE,-0.266856330421668,0.145905344370846,-0.28997438748392,0.0628844866964434,-0.302956115222522,0.0988236035105358,0.023118057062252,0.0360997848008546,0.0129817277386026
"WST",10,"kappa_0.3","app_sparse_hetero",7,"WST_heteroSparse",2.96291897812002,"BALANCED",983,37,45,0,0,0,7,2,FALSE,-0.342937981102933,0.138756033375311,-0.292271498298161,0.0634391972796097,-0.349497778576553,-0.0634492600885976,-0.0506664828047718,0.00655979747361979,0.0572262802783916
"WST",10,"kappa_0.3","app_sparse_hetero",7,"WST_heteroSparse",2.96291897812002,"BALANCED",984,38,45,0,2,2,9,2,FALSE,-4.64938053859653,0.230129964692089,-4.37504834828965,0.219219264989994,-3.79414274409374,0.207677632862511,-0.274332190306883,-0.855237794502792,-0.580905604195909
"WST",10,"kappa_0.3","app_sparse_hetero",7,"WST_heteroSparse",2.96291897812002,"BALANCED",985,39,45,0,0,0,8,2,FALSE,-0.250033786735469,0.107596336738849,-0.2675808291033,0.148611477452969,-0.247436527518211,0.542930592910994,0.0175470423678314,-0.00259725921725806,-0.0201443015850895
"WST",10,"kappa_0.3","app_sparse_hetero",7,"WST_heteroSparse",2.96291897812002,"BALANCED",986,40,45,0,1,1,10,2,FALSE,-1.30132114016845,0.613446848958246,-1.26990444937079,-0.0448497047650203,-1.37995531667109,0.381123115184976,-0.0314166907976654,0.078634176502641,0.110050867300306
"WST",10,"kappa_0.3","app_sparse_hetero",7,"WST_heteroSparse",2.96291897812002,"BALANCED",987,41,45,0,0,0,6,2,FALSE,-0.361003749301091,0.156826336991355,-0.318425218648523,0.249536152521836,-0.3820569383671,0.0334584634365153,-0.0425785306525679,0.0210531890660093,0.0636317197185772
"WST",10,"kappa_0.3","app_sparse_hetero",7,"WST_heteroSparse",2.96291897812002,"BALANCED",988,42,45,0,0,0,1,2,FALSE,-0.333546390211401,0.15966338918317,-0.28146204374251,0.275534801268109,-0.309446783414427,0.264090643466198,-0.0520843464688916,-0.0240996067969741,0.0279847396719175
"WST",10,"kappa_0.3","app_sparse_hetero",7,"WST_heteroSparse",2.96291897812002,"BALANCED",989,43,45,0,0,0,4,2,FALSE,-0.405700341435529,0.0833593040096056,-0.451291389714089,-0.0123184940892933,-0.455867075113614,0.0894315115460388,0.0455910482785598,0.0501667336780853,0.00457568539952558
"WST",10,"kappa_0.3","app_sparse_hetero",7,"WST_heteroSparse",2.96291897812002,"BALANCED",990,44,45,0,0,0,9,2,FALSE,-0.37657443293071,0.274678227393488,-0.328837760354533,0.35054883996642,-0.397967722672313,0.156253294598122,-0.0477366725761765,0.0213932897416029,0.0691299623177795
"WST",10,"kappa_0.3","app_sparse_hetero",7,"WST_heteroSparse",2.96291897812002,"BALANCED",991,1,46,0,0,0,2,6,FALSE,-0.174380964637217,0.0773067365019149,-0.145686471755254,0.131729788405983,-0.187885644462056,0.378175340284496,-0.0286944928819626,0.0135046798248393,0.0421991727068018
"WST",10,"kappa_0.3","app_sparse_hetero",7,"WST_heteroSparse",2.96291897812002,"BALANCED",992,2,46,0,0,0,9,6,FALSE,-0.115312151217204,0.162954467544499,-0.121032179101556,0.322273204275316,-0.179997489871837,0.461076066247235,0.00572002788435277,0.0646853386546331,0.0589653107702803
"WST",10,"kappa_0.3","app_sparse_hetero",7,"WST_heteroSparse",2.96291897812002,"BALANCED",993,3,46,0,0,0,1,6,FALSE,-0.135694378632569,-0.176993947630674,-0.102039722096965,0.0603931611350033,-0.161624638348946,0.361081354090264,-0.033654656535604,0.0259302597163771,0.059584916251981
"WST",10,"kappa_0.3","app_sparse_hetero",7,"WST_heteroSparse",2.96291897812002,"BALANCED",994,4,46,0,0,0,8,6,FALSE,-0.180303415790117,0.153301373351625,-0.18667334011286,0.0965098612402199,-0.193997007009958,0.519872721530988,0.00636992432274219,0.013693591219841,0.00732366689709885
"WST",10,"kappa_0.3","app_sparse_hetero",7,"WST_heteroSparse",2.96291897812002,"BALANCED",995,5,46,0,0,0,7,6,FALSE,-0.196132761286576,0.265057886074306,-0.206867708534807,0.147925822503478,-0.226104176942713,0.355230361191452,0.0107349472482312,0.0299714156561377,0.0192364684079065
"WST",10,"kappa_0.3","app_sparse_hetero",7,"WST_heteroSparse",2.96291897812002,"BALANCED",996,6,46,0,0,0,4,6,FALSE,-0.162736275670691,0.247654127750546,-0.150199569967103,0.441006239874206,-0.164417055560145,0.0398774675333354,-0.0125367057035888,0.00168077988945381,0.0142174855930426
"WST",10,"kappa_0.3","app_sparse_hetero",7,"WST_heteroSparse",2.96291897812002,"BALANCED",997,7,46,0,0,0,6,6,TRUE,-0.199671197387866,0.0105644373479805,-0.210620209164884,-0.0998520319648879,-0.210721066293954,0.487012442128489,0.0109490117770177,0.0110498689060874,0.000100857129069709
"WST",10,"kappa_0.3","app_sparse_hetero",7,"WST_heteroSparse",2.96291897812002,"BALANCED",998,8,46,0,0,0,9,6,FALSE,-0.074047335865365,0.349363358498425,-0.0766205750291782,0.115181905217662,-0.116377900691447,0.519914807934945,0.00257323916381313,0.0423305648260817,0.0397573256622685
"WST",10,"kappa_0.3","app_sparse_hetero",7,"WST_heteroSparse",2.96291897812002,"BALANCED",999,9,46,0,0,0,3,6,FALSE,-0.303737939037711,0.148687416826565,-0.310387108413315,0.0609321369985998,-0.323785836060817,0.564249048315534,0.00664916937560456,0.0200478970231064,0.0133987276475018
"WST",10,"kappa_0.3","app_sparse_hetero",7,"WST_heteroSparse",2.96291897812002,"BALANCED",1000,10,46,0,0,0,3,6,FALSE,-0.32041242550275,0.135257580500674,-0.322820721155991,0.312738796806053,-0.340447991325917,0.690875533706136,0.00240829565324052,0.0200355658231661,0.0176272701699256
"WST",10,"kappa_0.3","app_sparse_hetero",7,"WST_heteroSparse",2.96291897812002,"BALANCED",1001,11,46,0,0,0,9,6,FALSE,-0.0978698793346506,0.214214582358338,-0.101166785345051,0.284837677605803,-0.15258314918342,0.495193783286843,0.00329690601040067,0.0547132698487696,0.0514163638383689
"WST",10,"kappa_0.3","app_sparse_hetero",7,"WST_heteroSparse",2.96291897812002,"BALANCED",1002,12,46,0,0,0,6,6,TRUE,-0.147521953833429,0.420089386019316,-0.165502806092731,0.335089714883103,-0.171977746292572,0.572686469575396,0.0179808522593019,0.0244557924591424,0.00647494019984052
"WST",10,"kappa_0.3","app_sparse_hetero",7,"WST_heteroSparse",2.96291897812002,"BALANCED",1003,13,46,0,0,0,7,6,FALSE,-0.169929798816873,0.0863134980931551,-0.179331469907048,0.355207604536498,-0.182795559181772,0.486548588827457,0.00940167109017498,0.0128657603648996,0.00346408927472464
"WST",10,"kappa_0.3","app_sparse_hetero",7,"WST_heteroSparse",2.96291897812002,"BALANCED",1004,14,46,1,0,1,1,6,FALSE,-2.96234193484684,0.51314263246453,-2.88328198373188,0.231090841599737,-3.04571305214191,-0.0459904718365446,-0.0790599511149557,0.0833711172950728,0.162431068410029
"WST",10,"kappa_0.3","app_sparse_hetero",7,"WST_heteroSparse",2.96291897812002,"BALANCED",1005,15,46,0,0,0,5,6,FALSE,-0.108134297781651,0.187352180859238,-0.102411204827842,0.126242953492545,-0.116664629180447,0.0562073441739551,-0.0057230929538088,0.00853033139879589,0.0142534243526047
"WST",10,"kappa_0.3","app_sparse_hetero",7,"WST_heteroSparse",2.96291897812002,"BALANCED",1006,16,46,0,0,0,10,6,FALSE,-0.215985787326455,-0.0421714691718891,-0.231469530154047,0.166869649200388,-0.167347113265068,0.378996890911029,0.015483742827592,-0.0486386740613867,-0.0641224168889787
"WST",10,"kappa_0.3","app_sparse_hetero",7,"WST_heteroSparse",2.96291897812002,"BALANCED",1007,17,46,0,0,0,5,6,FALSE,-0.132538541715936,0.211762506689469,-0.118384644432543,0.0960307569318899,-0.129920866549296,0.0774733957989589,-0.0141538972833937,-0.00261767516664069,0.011536222116753
"WST",10,"kappa_0.3","app_sparse_hetero",7,"WST_heteroSparse",2.96291897812002,"BALANCED",1008,18,46,0,0,0,9,6,FALSE,-0.0811940207368798,0.259501023350578,-0.085675265697744,0.36696047504786,-0.129749286221977,0.424976132239492,0.00448124496086422,0.0485552654850974,0.0440740205242331
"WST",10,"kappa_0.3","app_sparse_hetero",7,"WST_heteroSparse",2.96291897812002,"BALANCED",1009,19,46,0,0,0,8,6,FALSE,-0.195885911004098,0.0721606308753212,-0.22388195274324,-0.0041677678355604,-0.228755240091432,0.575777225778501,0.0279960417391427,0.0328693290873341,0.00487328734819137
"WST",10,"kappa_0.3","app_sparse_hetero",7,"WST_heteroSparse",2.96291897812002,"BALANCED",1010,20,46,1,0,1,1,6,FALSE,-2.8357906804772,0.20066288982242,-2.80789969338078,-0.105761368238326,-2.96872395003197,0.0588110639089193,-0.0278909870964243,0.132933269554774,0.160824256651199
"WST",10,"kappa_0.3","app_sparse_hetero",7,"WST_heteroSparse",2.96291897812002,"BALANCED",1011,21,46,0,0,0,1,6,FALSE,-0.17455270194126,0.14239931033494,-0.134634561453572,0.211467552550489,-0.154184681106739,0.420078062206313,-0.0399181404876883,-0.0203680208345212,0.0195501196531671
"WST",10,"kappa_0.3","app_sparse_hetero",7,"WST_heteroSparse",2.96291897812002,"BALANCED",1012,22,46,0,0,0,7,6,FALSE,-0.156075556143091,0.240318953425117,-0.177879818245918,0.408573512439639,-0.174362353587637,0.47760401258734,0.0218042621028269,0.0182867974445458,-0.00351746465828118
"WST",10,"kappa_0.3","app_sparse_hetero",7,"WST_heteroSparse",2.96291897812002,"BALANCED",1013,23,46,0,0,0,5,6,FALSE,-0.111978306604593,-0.0271437840845804,-0.100870807185432,0.180868895765304,-0.11266794146116,0.0233599328302989,-0.0111074994191611,0.000689634856566812,0.0117971342757279
"WST",10,"kappa_0.3","app_sparse_hetero",7,"WST_heteroSparse",2.96291897812002,"BALANCED",1014,24,46,0,0,0,1,6,FALSE,-0.173440629934425,0.404906359830798,-0.141206503696549,0.0528933906163686,-0.166103837608553,0.477849056058508,-0.032234126237876,-0.00733679232587203,0.024897333912004
"WST",10,"kappa_0.3","app_sparse_hetero",7,"WST_heteroSparse",2.96291897812002,"BALANCED",1015,25,46,0,0,0,10,6,FALSE,-0.133474258143506,0.316244413781482,-0.13465682158766,0.24772814310527,-0.12612068609154,0.405407012032804,0.00118256344415357,-0.00735357205196596,-0.00853613549611953
"WST",10,"kappa_0.3","app_sparse_hetero",7,"WST_heteroSparse",2.96291897812002,"BALANCED",1016,26,46,1,0,1,2,6,FALSE,-1.69301851105484,0.114392105492881,-1.61159802787728,0.301303214661525,-1.58411167640092,0.0739875163047772,-0.0814204831775616,-0.108906834653918,-0.0274863514763561
"WST",10,"kappa_0.3","app_sparse_hetero",7,"WST_heteroSparse",2.96291897812002,"BALANCED",1017,27,46,1,0,1,2,6,FALSE,-1.98936107209776,-0.0418526262810903,-1.92952891358589,0.332068215885907,-1.89953143256859,0.106611854903025,-0.0598321585118686,-0.0898296395291709,-0.0299974810173023
"WST",10,"kappa_0.3","app_sparse_hetero",7,"WST_heteroSparse",2.96291897812002,"BALANCED",1018,28,46,0,0,0,6,6,TRUE,-0.185603846750799,0.268501307986921,-0.195322823251662,-0.0421634223603173,-0.189381796475561,0.51164634964272,0.00971897650086273,0.00377794972476231,-0.00594102677610042
"WST",10,"kappa_0.3","app_sparse_hetero",7,"WST_heteroSparse",2.96291897812002,"BALANCED",1019,29,46,0,1,1,7,6,FALSE,-2.31700068257185,0.208850002407564,-2.22649810339877,0.501717203374544,-2.29477629693462,0.460337864212363,-0.0905025791730782,-0.0222243856372284,0.0682781935358499
"WST",10,"kappa_0.3","app_sparse_hetero",7,"WST_heteroSparse",2.96291897812002,"BALANCED",1020,30,46,0,0,0,8,6,FALSE,-0.086861774979786,0.502402095997212,-0.0918427344139419,0.302280832236593,-0.1334767074554,0.425467087988372,0.00498095943415588,0.046614932475614,0.0416339730414581
"WST",10,"kappa_0.3","app_sparse_hetero",7,"WST_heteroSparse",2.96291897812002,"BALANCED",1021,31,46,0,0,0,7,6,FALSE,-0.202658843158435,0.107540335440497,-0.176890223490412,0.194898773908486,-0.190412703407548,0.427566481019959,-0.0257686196680229,-0.0122461397508875,0.0135224799171354
"WST",10,"kappa_0.3","app_sparse_hetero",7,"WST_heteroSparse",2.96291897812002,"BALANCED",1022,32,46,0,0,0,4,6,FALSE,-0.130564571921195,0.19314146005057,-0.116257316941876,0.063373104296194,-0.127993004449436,0.0534605837212529,-0.0143072549793191,-0.00257156747175902,0.01173568750756
"WST",10,"kappa_0.3","app_sparse_hetero",7,"WST_heteroSparse",2.96291897812002,"BALANCED",1023,33,46,0,0,0,4,6,FALSE,-0.129283917762814,0.202692610904346,-0.116170870628065,0.215614657557623,-0.131545617155717,0.130945343172138,-0.0131130471347491,0.00226169939290255,0.0153747465276517
"WST",10,"kappa_0.3","app_sparse_hetero",7,"WST_heteroSparse",2.96291897812002,"BALANCED",1024,34,46,0,0,0,6,6,TRUE,-0.162865982514361,0.132586547727339,-0.181780148661198,0.0842266920589554,-0.179619261859228,0.463672188003361,0.0189141661468373,0.0167532793448677,-0.00216088680196957
"WST",10,"kappa_0.3","app_sparse_hetero",7,"WST_heteroSparse",2.96291897812002,"BALANCED",1025,35,46,0,0,0,3,6,FALSE,-0.374654823734421,0.28479488837104,-0.383408988681042,0.0917469875025641,-0.381568259108104,0.639204113686215,0.0087541649466214,0.00691343537368283,-0.00184072957293857
"WST",10,"kappa_0.3","app_sparse_hetero",7,"WST_heteroSparse",2.96291897812002,"BALANCED",1026,36,46,0,0,0,5,6,FALSE,-0.0797686858866662,0.131611624715978,-0.0702317562898633,-0.00901630827239716,-0.0803992004960321,0.0775287465013636,-0.00953692959680286,0.000630514609365918,0.0101674442061688
"WST",10,"kappa_0.3","app_sparse_hetero",7,"WST_heteroSparse",2.96291897812002,"BALANCED",1027,37,46,0,0,0,7,6,FALSE,-0.188259848913177,0.077569139554874,-0.199180069641036,0.111047296366041,-0.193902375414822,0.463671225598462,0.0109202207278587,0.00564252650164487,-0.00527769422621382
"WST",10,"kappa_0.3","app_sparse_hetero",7,"WST_heteroSparse",2.96291897812002,"BALANCED",1028,38,46,0,0,0,9,6,FALSE,-0.0816412778295978,0.286750781929636,-0.0889246245971114,0.336314311293826,-0.129013501765928,0.425508597389905,0.00728334676751352,0.0473722239363301,0.0400888771688166
"WST",10,"kappa_0.3","app_sparse_hetero",7,"WST_heteroSparse",2.96291897812002,"BALANCED",1029,39,46,0,0,0,8,6,FALSE,-0.121275546167032,0.108911653188581,-0.124921142605846,0.266623487420821,-0.133637877549695,0.90589746909479,0.00364559643881357,0.0123623313826631,0.0087167349438495
"WST",10,"kappa_0.3","app_sparse_hetero",7,"WST_heteroSparse",2.96291897812002,"BALANCED",1030,40,46,0,0,0,10,6,FALSE,-0.266686862854828,0.130858471848764,-0.271631985318185,0.0704093707563826,-0.188892984779443,0.530128111088649,0.0049451224633561,-0.0777938780753855,-0.0827390005387416
"WST",10,"kappa_0.3","app_sparse_hetero",7,"WST_heteroSparse",2.96291897812002,"BALANCED",1031,41,46,0,0,0,6,6,TRUE,-0.190827311399781,0.152605061859837,-0.209518970571263,0.177244217989709,-0.210803766406156,0.504785056047284,0.0186916591714814,0.0199764550063746,0.00128479583489316
"WST",10,"kappa_0.3","app_sparse_hetero",7,"WST_heteroSparse",2.96291897812002,"BALANCED",1032,42,46,0,0,0,1,6,FALSE,-0.168623703512356,0.0990996993296359,-0.133164079191684,0.0505252900254872,-0.161991005475302,0.489015455888939,-0.035459624320672,-0.00663269803705457,0.0288269262836174
"WST",10,"kappa_0.3","app_sparse_hetero",7,"WST_heteroSparse",2.96291897812002,"BALANCED",1033,43,46,0,0,0,4,6,FALSE,-0.117554446115125,0.00208505903801297,-0.107027514051878,0.0908036192363075,-0.118337314771546,0.126928276931382,-0.0105269320632466,0.00078286865642152,0.0113098007196681
"WST",10,"kappa_0.3","app_sparse_hetero",7,"WST_heteroSparse",2.96291897812002,"BALANCED",1034,44,46,0,0,0,9,6,FALSE,-0.121467958804297,0.208599995643991,-0.119771808381222,0.385340175176447,-0.17127569973238,0.522139819519073,-0.00169615042307569,0.0498077409280828,0.0515038913511585
"WST",10,"kappa_0.3","app_sparse_hetero",7,"WST_heteroSparse",2.96291897812002,"BALANCED",1035,45,46,0,0,0,2,6,FALSE,-0.246261180245805,0.271437338325911,-0.267030587699994,0.137541524997018,-0.285702629495505,0.476630089548066,0.0207694074541891,0.0394414492497006,0.0186720417955115
"WST",10,"kappa_0.3","app_sparse_hetero",7,"WST_heteroSparse",2.96291897812002,"BALANCED",1036,1,47,0,0,0,2,10,FALSE,-0.199550605451316,0.279462340591925,-0.196722552272226,-0.0854941686884611,-0.212719484166575,0.224124989436234,-0.00282805317908963,0.0131688787152591,0.0159969318943487
"WST",10,"kappa_0.3","app_sparse_hetero",7,"WST_heteroSparse",2.96291897812002,"BALANCED",1037,2,47,2,0,2,9,10,FALSE,-6.13943052827539,0.736614716349835,-5.74336954848299,1.15562702240185,-7.88902089413762,2.43699387446428,-0.396060979792398,1.74959036586224,2.14565134565463
"WST",10,"kappa_0.3","app_sparse_hetero",7,"WST_heteroSparse",2.96291897812002,"BALANCED",1038,3,47,0,0,0,1,10,FALSE,-0.18200957448437,0.161162291908595,-0.183770607767892,0.176172085510791,-0.216365425433607,0.156603601604997,0.00176103328352184,0.034355850949237,0.0325948176657151
"WST",10,"kappa_0.3","app_sparse_hetero",7,"WST_heteroSparse",2.96291897812002,"BALANCED",1039,4,47,0,0,0,8,10,FALSE,-0.118919815471641,0.119215509059639,-0.114370336838149,0.313548323963743,-0.182445959481742,-0.0116944850356406,-0.00454947863349275,0.0635261440101003,0.068075622643593
"WST",10,"kappa_0.3","app_sparse_hetero",7,"WST_heteroSparse",2.96291897812002,"BALANCED",1040,5,47,0,0,0,7,10,FALSE,-0.144570479787977,0.321904609827138,-0.124443751579993,0.206500653188747,-0.171685005592118,0.265609159084043,-0.020126728207984,0.0271145258041408,0.0472412540121248
"WST",10,"kappa_0.3","app_sparse_hetero",7,"WST_heteroSparse",2.96291897812002,"BALANCED",1041,6,47,0,0,0,4,10,FALSE,-0.399366721775168,0.126164564827212,-0.384001831020792,0.215926185256568,-0.250179055380458,0.721845348996974,-0.015364890754376,-0.14918766639471,-0.133822775640335
"WST",10,"kappa_0.3","app_sparse_hetero",7,"WST_heteroSparse",2.96291897812002,"BALANCED",1042,7,47,0,0,0,6,10,FALSE,-0.156846432685114,0.438504734924378,-0.124258890226148,0.162808845652509,-0.153228835985139,0.294465966404709,-0.0325875424589661,-0.00361759669997497,0.0289699457589911
"WST",10,"kappa_0.3","app_sparse_hetero",7,"WST_heteroSparse",2.96291897812002,"BALANCED",1043,8,47,0,0,0,9,10,FALSE,-0.103867703615044,0.141148536928411,-0.150824999675837,-0.0564514743400957,-0.228787471284704,0.438719740164558,0.0469572960607936,0.124919767669661,0.0779624716088669
"WST",10,"kappa_0.3","app_sparse_hetero",7,"WST_heteroSparse",2.96291897812002,"BALANCED",1044,9,47,0,0,0,3,10,FALSE,-0.359727518065069,0.0559831953722171,-0.32128337232513,0.251600010105911,-0.257786840758454,0.238169665048928,-0.0384441457399394,-0.101940677306615,-0.0634965315666758
"WST",10,"kappa_0.3","app_sparse_hetero",7,"WST_heteroSparse",2.96291897812002,"BALANCED",1045,10,47,1,0,1,3,10,FALSE,-1.51655392541865,0.513571546744604,-1.59365745598317,0.0970404086146695,-1.7211937039016,-0.0496127493880328,0.0771035305645142,0.204639778482946,0.127536247918432
"WST",10,"kappa_0.3","app_sparse_hetero",7,"WST_heteroSparse",2.96291897812002,"BALANCED",1046,11,47,0,0,0,9,10,FALSE,-0.142365668076043,0.22615517102942,-0.207582019541593,-0.00164097385853997,-0.302167574237898,0.367630936047974,0.0652163514655495,0.159801906161855,0.0945855546963053
"WST",10,"kappa_0.3","app_sparse_hetero",7,"WST_heteroSparse",2.96291897812002,"BALANCED",1047,12,47,0,0,0,6,10,FALSE,-0.139998708825272,0.186326858626279,-0.115477371563293,0.111986054889798,-0.139993387133013,0.28519997864727,-0.0245213372619784,-5.32169225841983e-06,0.0245160155697199
"WST",10,"kappa_0.3","app_sparse_hetero",7,"WST_heteroSparse",2.96291897812002,"BALANCED",1048,13,47,0,0,0,7,10,FALSE,-0.105481903941886,0.355596425791514,-0.0990487565533478,0.231431112611674,-0.147977931312259,0.216994453518642,-0.00643314738853817,0.0424960273703734,0.0489291747589116
"WST",10,"kappa_0.3","app_sparse_hetero",7,"WST_heteroSparse",2.96291897812002,"BALANCED",1049,14,47,0,0,0,1,10,FALSE,-0.198097945403338,0.461707827009577,-0.205519865827343,0.313238816989558,-0.242007932675919,0.391777369667066,0.00742192042400447,0.0439099872725803,0.0364880668485759
"WST",10,"kappa_0.3","app_sparse_hetero",7,"WST_heteroSparse",2.96291897812002,"BALANCED",1050,15,47,0,0,0,5,10,FALSE,-0.266455901922863,0.0919087882675639,-0.261048154757958,0.184088282074213,-0.167041300492135,0.466242907189366,-0.005407747164905,-0.0994146014307287,-0.0940068542658237
"WST",10,"kappa_0.3","app_sparse_hetero",7,"WST_heteroSparse",2.96291897812002,"BALANCED",1051,16,47,0,0,0,10,10,TRUE,-0.158234332341667,0.0761330511126814,-0.186596779016925,0.293636525753886,-0.280553160413915,0.30063034782084,0.0283624466752581,0.122318828072248,0.0939563813969899
"WST",10,"kappa_0.3","app_sparse_hetero",7,"WST_heteroSparse",2.96291897812002,"BALANCED",1052,17,47,1,0,1,5,10,FALSE,-1.69035621901155,0.106106123841897,-1.73233456394529,0.14213421282922,-2.00360481056114,0.353156536473871,0.0419783449337343,0.313248591549582,0.271270246615848
"WST",10,"kappa_0.3","app_sparse_hetero",7,"WST_heteroSparse",2.96291897812002,"BALANCED",1053,18,47,0,0,0,9,10,FALSE,-0.124084259643375,0.255339988163923,-0.183674265010996,-0.0251598875095581,-0.259691681469795,0.369540674035537,0.059590005367621,0.13560742182642,0.0760174164587992
"WST",10,"kappa_0.3","app_sparse_hetero",7,"WST_heteroSparse",2.96291897812002,"BALANCED",1054,19,47,0,0,0,8,10,FALSE,-0.168904127174777,0.23483516413533,-0.13513165301208,0.0460329752796834,-0.167300509693955,0.192686166507967,-0.0337724741626966,-0.00160361748082138,0.0321688566818752
"WST",10,"kappa_0.3","app_sparse_hetero",7,"WST_heteroSparse",2.96291897812002,"BALANCED",1055,20,47,0,0,0,1,10,FALSE,-0.208131656027841,0.0871082824577415,-0.217727169491907,0.198023152498621,-0.26084049470438,0.325336340425323,0.00959551346406595,0.0527088386765389,0.0431133252124729
"WST",10,"kappa_0.3","app_sparse_hetero",7,"WST_heteroSparse",2.96291897812002,"BALANCED",1056,21,47,0,0,0,1,10,FALSE,-0.238777184160652,0.228408654744861,-0.225288495963129,0.35163998508181,-0.264743589433444,0.38018551066964,-0.0134886881975227,0.0259664052727926,0.0394550934703153
"WST",10,"kappa_0.3","app_sparse_hetero",7,"WST_heteroSparse",2.96291897812002,"BALANCED",1057,22,47,0,0,0,7,10,FALSE,-0.120288257736937,0.1403856958554,-0.111516032904545,0.228919214008956,-0.137051028882096,0.379708690374137,-0.00877222483239226,0.0167627711451592,0.0255349959775515
"WST",10,"kappa_0.3","app_sparse_hetero",7,"WST_heteroSparse",2.96291897812002,"BALANCED",1058,23,47,0,0,0,5,10,FALSE,-0.266203278642972,0.263322216636286,-0.256355319361334,0.142421274410889,-0.169723232019077,0.539401651589134,-0.00984795928163784,-0.0964800466238946,-0.0866320873422568
"WST",10,"kappa_0.3","app_sparse_hetero",7,"WST_heteroSparse",2.96291897812002,"BALANCED",1059,24,47,0,0,0,1,10,FALSE,-0.234521137238389,-0.0220902768720543,-0.250076883468828,0.247404753853773,-0.303189325608298,0.599982627966917,0.0155557462304392,0.0686681883699096,0.0531124421394704
"WST",10,"kappa_0.3","app_sparse_hetero",7,"WST_heteroSparse",2.96291897812002,"BALANCED",1060,25,47,0,0,0,10,10,TRUE,-0.0901681183541063,0.179635800779629,-0.0925827762791931,0.50301057523457,-0.124307641738029,0.155350357691678,0.00241465792508677,0.0341395233839226,0.0317248654588358
"WST",10,"kappa_0.3","app_sparse_hetero",7,"WST_heteroSparse",2.96291897812002,"BALANCED",1061,26,47,0,0,0,2,10,FALSE,-0.348967446657089,0.186896758682152,-0.346475172562738,0.118802229635724,-0.289589272968022,0.0778753488487178,-0.00249227409435093,-0.0593781736890673,-0.0568858995947163
"WST",10,"kappa_0.3","app_sparse_hetero",7,"WST_heteroSparse",2.96291897812002,"BALANCED",1062,27,47,0,0,0,2,10,FALSE,-0.239273437359009,0.095088045038015,-0.236928597219947,0.175854644015686,-0.197830854015579,0.394941416282444,-0.00234484013906222,-0.0414425833434304,-0.0390977432043682
"WST",10,"kappa_0.3","app_sparse_hetero",7,"WST_heteroSparse",2.96291897812002,"BALANCED",1063,28,47,0,0,0,6,10,FALSE,-0.140000694127176,0.216845795046603,-0.118071264852217,0.00309000559443266,-0.137340943801245,0.390413256151617,-0.0219294292749588,-0.00265975032593069,0.0192696789490281
"WST",10,"kappa_0.3","app_sparse_hetero",7,"WST_heteroSparse",2.96291897812002,"BALANCED",1064,29,47,0,0,0,7,10,FALSE,-0.114620045649792,0.0784107937422883,-0.107701000511647,0.280099862907099,-0.139245053161313,0.330959469439792,-0.00691904513814467,0.0246250075115215,0.0315440526496662
"WST",10,"kappa_0.3","app_sparse_hetero",7,"WST_heteroSparse",2.96291897812002,"BALANCED",1065,30,47,0,0,0,8,10,FALSE,-0.128716018161176,0.155817473550318,-0.187768891557775,-0.0586786862772032,-0.26633975731339,0.23388261699474,0.0590528733965989,0.137623739152214,0.0785708657556148
"WST",10,"kappa_0.3","app_sparse_hetero",7,"WST_heteroSparse",2.96291897812002,"BALANCED",1066,31,47,0,0,0,7,10,FALSE,-0.171974624384407,0.219945245794153,-0.192297464413248,0.127413070770388,-0.177993970099741,0.296660647637585,0.0203228400288413,0.00601934571533391,-0.0143034943135074
"WST",10,"kappa_0.3","app_sparse_hetero",7,"WST_heteroSparse",2.96291897812002,"BALANCED",1067,32,47,1,0,1,4,10,FALSE,-1.66327492120621,0.0202418856388679,-1.75724487803083,0.394063864173489,-2.01946070371028,-0.0318635723269266,0.0939699568246164,0.356185782504066,0.26221582567945
"WST",10,"kappa_0.3","app_sparse_hetero",7,"WST_heteroSparse",2.96291897812002,"BALANCED",1068,33,47,1,0,1,4,10,FALSE,-1.67750791603528,0.148222490417262,-1.75518478494127,0.355815009366916,-2.00136866726887,0.238398887061681,0.077676868905991,0.323860751233589,0.246183882327598
"WST",10,"kappa_0.3","app_sparse_hetero",7,"WST_heteroSparse",2.96291897812002,"BALANCED",1069,34,47,0,0,0,6,10,FALSE,-0.129163962311779,0.153652878174086,-0.116498476374908,0.238709664041824,-0.138424496749433,0.368143096115052,-0.0126654859368704,0.0092605344376544,0.0219260203745248
"WST",10,"kappa_0.3","app_sparse_hetero",7,"WST_heteroSparse",2.96291897812002,"BALANCED",1070,35,47,0,0,0,3,10,FALSE,-0.43971250964278,0.164170817355056,-0.387378592623027,-0.00465194187109769,-0.304723830209157,0.230203138027355,-0.0523339170197525,-0.134988679433623,-0.0826547624138705
"WST",10,"kappa_0.3","app_sparse_hetero",7,"WST_heteroSparse",2.96291897812002,"BALANCED",1071,36,47,0,0,0,5,10,FALSE,-0.17959342897083,0.102388559469555,-0.176255927855038,0.217100029017354,-0.116355995154045,0.286769860370249,-0.00333750111579167,-0.0632374338167851,-0.0598999327009935
"WST",10,"kappa_0.3","app_sparse_hetero",7,"WST_heteroSparse",2.96291897812002,"BALANCED",1072,37,47,0,0,0,7,10,FALSE,-0.156848355532317,0.328151134139208,-0.128900709654722,0.162694597114486,-0.150096799127652,0.214937889823384,-0.0279476458775942,-0.00675155640466496,0.0211960894729293
"WST",10,"kappa_0.3","app_sparse_hetero",7,"WST_heteroSparse",2.96291897812002,"BALANCED",1073,38,47,0,0,0,9,10,FALSE,-0.121152160740832,0.16927742759722,-0.185393814449139,0.259048187704172,-0.257341047502031,0.271799013736727,0.064241653708307,0.136188886761199,0.0719472330528923
"WST",10,"kappa_0.3","app_sparse_hetero",7,"WST_heteroSparse",2.96291897812002,"BALANCED",1074,39,47,0,0,0,8,10,FALSE,-0.08557833004524,0.144179045830584,-0.0804807170833364,0.299007375008435,-0.125363117068166,0.379639985110077,-0.00509761296190359,0.039784787022926,0.0448823999848296
"WST",10,"kappa_0.3","app_sparse_hetero",7,"WST_heteroSparse",2.96291897812002,"BALANCED",1075,40,47,0,0,0,10,10,TRUE,-0.215889029029429,0.348729901812896,-0.442664790673168,0.449892581645001,-0.377872800749833,0.260792681012574,0.226775761643739,0.161983771720403,-0.0647919899233358
"WST",10,"kappa_0.3","app_sparse_hetero",7,"WST_heteroSparse",2.96291897812002,"BALANCED",1076,41,47,0,0,0,6,10,FALSE,-0.143274204145495,0.326222458746755,-0.126735866614001,0.0350911391588438,-0.150751781876693,0.223894905758442,-0.016538337531494,0.00747757773119773,0.0240159152626918
"WST",10,"kappa_0.3","app_sparse_hetero",7,"WST_heteroSparse",2.96291897812002,"BALANCED",1077,42,47,0,0,0,1,10,FALSE,-0.226755254052478,0.094577105831642,-0.238226773062307,-0.0631049240842118,-0.288862680724542,0.458577373309168,0.0114715190098282,0.062107426672064,0.0506359076622358
"WST",10,"kappa_0.3","app_sparse_hetero",7,"WST_heteroSparse",2.96291897812002,"BALANCED",1078,43,47,2,0,2,4,10,FALSE,-4.04101895848456,0.610104533248482,-4.27978412104792,0.230402506660567,-4.87290325943856,0.196849316855131,0.238765162563364,0.831884300953997,0.593119138390633
"WST",10,"kappa_0.3","app_sparse_hetero",7,"WST_heteroSparse",2.96291897812002,"BALANCED",1079,44,47,0,0,0,9,10,FALSE,-0.153584773954758,0.177913706381654,-0.255752373864174,0.292618404200937,-0.346279507343823,0.306191063492906,0.102167599909415,0.192694733389065,0.0905271334796494
"WST",10,"kappa_0.3","app_sparse_hetero",7,"WST_heteroSparse",2.96291897812002,"BALANCED",1080,45,47,0,0,0,2,10,FALSE,-0.324102967112524,0.235807120132974,-0.325486988437043,0.0318813612722936,-0.250669005760224,0.353044512726172,0.00138402132451887,-0.0734339613523005,-0.0748179826768194
"WST",10,"kappa_0.3","app_sparse_hetero",7,"WST_heteroSparse",2.96291897812002,"BALANCED",1081,46,47,0,0,0,6,10,FALSE,-0.151407510430198,0.133489865108138,-0.153173532025191,0.0699785456317442,-0.110779034248953,0.410441422074738,0.0017660215949924,-0.0406284761812454,-0.0423944977762378
"WST",10,"kappa_0.3","app_sparse_hetero",7,"WST_heteroSparse",2.96291897812002,"BALANCED",1082,1,48,1,0,1,2,4,FALSE,-2.18676106111853,0.2892762092485,-2.16641727454635,0.253727480446476,-2.13974433149717,0.293855538552663,-0.0203437865721758,-0.0470167296213573,-0.0266729430491814
"WST",10,"kappa_0.3","app_sparse_hetero",7,"WST_heteroSparse",2.96291897812002,"BALANCED",1083,2,48,0,1,1,9,4,FALSE,-2.09462088738562,0.470953268879979,-1.93393527251696,0.31892692518588,-1.54540802472877,0.00249638483331679,-0.16068561486866,-0.549212862656857,-0.388527247788197
"WST",10,"kappa_0.3","app_sparse_hetero",7,"WST_heteroSparse",2.96291897812002,"BALANCED",1084,3,48,0,0,0,1,4,FALSE,-0.209964765712032,0.0906701893931488,-0.151865299517372,0.169769178978468,-0.257970970373095,-0.127735405531535,-0.0580994661946601,0.0480062046610632,0.106105670855723
"WST",10,"kappa_0.3","app_sparse_hetero",7,"WST_heteroSparse",2.96291897812002,"BALANCED",1085,4,48,0,0,0,8,4,FALSE,-0.345810789996267,0.210781227803036,-0.354368231279689,0.253073293155129,-0.366759966253471,0.200137118985154,0.00855744128342195,0.0209491762572043,0.0123917349737823
"WST",10,"kappa_0.3","app_sparse_hetero",7,"WST_heteroSparse",2.96291897812002,"BALANCED",1086,5,48,0,2,2,7,4,FALSE,-3.6176580549291,0.535776104754471,-3.57345072332632,0.438346989010339,-3.44347711217978,0.591489455886756,-0.04420733160278,-0.17418094274932,-0.12997361114654
"WST",10,"kappa_0.3","app_sparse_hetero",7,"WST_heteroSparse",2.96291897812002,"BALANCED",1087,6,48,0,0,0,4,4,TRUE,-0.268204874131801,0.167704638785616,-0.25312712805159,0.432726841536499,-0.27204316790522,0.00191246984192412,-0.0150777460802116,0.00383829377341804,0.0189160398536297
"WST",10,"kappa_0.3","app_sparse_hetero",7,"WST_heteroSparse",2.96291897812002,"BALANCED",1088,7,48,0,0,0,6,4,FALSE,-0.429118199818523,0.157029266009247,-0.42265811207487,0.200426159966549,-0.403542818529012,0.118508712569737,-0.00646008774365292,-0.0255753812895119,-0.0191152935458589
"WST",10,"kappa_0.3","app_sparse_hetero",7,"WST_heteroSparse",2.96291897812002,"BALANCED",1089,8,48,0,0,0,9,4,FALSE,-0.132456202888482,0.0941658862991771,-0.147640514408435,0.388960597625161,-0.219255057721811,0.44657652066572,0.0151843115199526,0.0867988548333285,0.0716145433133759
"WST",10,"kappa_0.3","app_sparse_hetero",7,"WST_heteroSparse",2.96291897812002,"BALANCED",1090,9,48,1,0,1,3,4,FALSE,-1.23072830008203,0.287063616571905,-1.24624411600403,0.644522210034993,-1.22813768848779,0.281585260342815,0.0155158159220008,-0.00259061159423979,-0.0181064275162406
"WST",10,"kappa_0.3","app_sparse_hetero",7,"WST_heteroSparse",2.96291897812002,"BALANCED",1091,10,48,0,0,0,3,4,FALSE,-0.685928341058117,0.192958658319465,-0.662224778379341,0.0621147111732786,-0.640801631842435,0.274701937702089,-0.0237035626787758,-0.0451267092156815,-0.0214231465369057
"WST",10,"kappa_0.3","app_sparse_hetero",7,"WST_heteroSparse",2.96291897812002,"BALANCED",1092,11,48,0,0,0,9,4,FALSE,-0.177261256216362,0.275040242153531,-0.192789341890283,-0.017134347369644,-0.28672997719107,0.00216295915126028,0.0155280856739211,0.109468720974709,0.0939406353007879
"WST",10,"kappa_0.3","app_sparse_hetero",7,"WST_heteroSparse",2.96291897812002,"BALANCED",1093,12,48,0,0,0,6,4,FALSE,-0.29009229905871,0.0960606634591816,-0.315688540640714,0.231279067151985,-0.320079280711657,-0.0297876662501646,0.0255962415820044,0.0299869816529474,0.00439074007094309
"WST",10,"kappa_0.3","app_sparse_hetero",7,"WST_heteroSparse",2.96291897812002,"BALANCED",1094,13,48,0,0,0,7,4,FALSE,-0.324213973870184,0.200593109952673,-0.345320403457121,0.317414239143627,-0.349671329552855,0.00317866919279829,0.0211064295869372,0.0254573556826712,0.00435092609573395
"WST",10,"kappa_0.3","app_sparse_hetero",7,"WST_heteroSparse",2.96291897812002,"BALANCED",1095,14,48,0,0,0,1,4,FALSE,-0.183131382664299,0.10148191756052,-0.154438789133506,0.382741101826479,-0.171481680686465,0.226904106844942,-0.0286925935307929,-0.0116497019778343,0.0170428915529586
"WST",10,"kappa_0.3","app_sparse_hetero",7,"WST_heteroSparse",2.96291897812002,"BALANCED",1096,15,48,0,0,0,5,4,FALSE,-0.182703871376443,0.0235368474949079,-0.174096537636837,0.131780675993437,-0.197872070245544,0.178382384620017,-0.0086073337396062,0.0151681988691008,0.023775532608707
"WST",10,"kappa_0.3","app_sparse_hetero",7,"WST_heteroSparse",2.96291897812002,"BALANCED",1097,16,48,0,0,0,10,4,FALSE,-0.481777760185143,0.22959493236813,-0.474301270941533,0.0200684144745219,-0.318267665302326,0.184710198616722,-0.00747648924360966,-0.163510094882817,-0.156033605639207
"WST",10,"kappa_0.3","app_sparse_hetero",7,"WST_heteroSparse",2.96291897812002,"BALANCED",1098,17,48,0,0,0,5,4,FALSE,-0.221258161158682,0.214418958208287,-0.204362091192432,0.305911423545407,-0.222113822710053,-0.138993573823016,-0.0168960699662497,0.000855661551371512,0.0177517315176212
"WST",10,"kappa_0.3","app_sparse_hetero",7,"WST_heteroSparse",2.96291897812002,"BALANCED",1099,18,48,0,0,0,9,4,FALSE,-0.146865585569422,0.163315696760595,-0.162905235863247,0.0113604445943572,-0.246922415780316,0.0444502505268454,0.0160396502938243,0.100056830210894,0.0840171799170699
"WST",10,"kappa_0.3","app_sparse_hetero",7,"WST_heteroSparse",2.96291897812002,"BALANCED",1100,19,48,0,0,0,8,4,FALSE,-0.412709804452191,0.385385061639558,-0.444747699706239,0.0532161117558612,-0.432502729261364,-0.016742443652604,0.0320378952540485,0.019792924809173,-0.0122449704448755
"WST",10,"kappa_0.3","app_sparse_hetero",7,"WST_heteroSparse",2.96291897812002,"BALANCED",1101,20,48,0,0,0,1,4,FALSE,-0.218017971443607,-0.0026964754539348,-0.166314005086185,0.272136402506006,-0.19187761945124,0.281915263079862,-0.0517039663574224,-0.0261403519923675,0.0255636143650548
"WST",10,"kappa_0.3","app_sparse_hetero",7,"WST_heteroSparse",2.96291897812002,"BALANCED",1102,21,48,0,0,0,1,4,FALSE,-0.268136665145008,0.139011526228142,-0.208238702084929,-0.0950508160143603,-0.211333537069742,0.0217137471423719,-0.0598979630600791,-0.0568031280752654,0.00309483498481367
"WST",10,"kappa_0.3","app_sparse_hetero",7,"WST_heteroSparse",2.96291897812002,"BALANCED",1103,22,48,0,0,0,7,4,FALSE,-0.318044964508712,0.15516338470267,-0.351790050792007,0.053081903782972,-0.327664695394005,0.0836967650551011,0.0337450862832958,0.00961973088529344,-0.0241253553980023
"WST",10,"kappa_0.3","app_sparse_hetero",7,"WST_heteroSparse",2.96291897812002,"BALANCED",1104,23,48,0,1,1,5,4,FALSE,-2.98994258555907,0.799097162388598,-2.83946580113843,0.689499641534255,-3.03903583467099,0.423361062931618,-0.150476784420644,0.0490932491119214,0.199570033532566
"WST",10,"kappa_0.3","app_sparse_hetero",7,"WST_heteroSparse",2.96291897812002,"BALANCED",1105,24,48,0,0,0,1,4,FALSE,-0.246209061330554,0.0155664258325305,-0.189431911992502,0.586182420755469,-0.218146626306778,0.311961896352919,-0.0567771493380524,-0.0280624350237764,0.0287147143142761
"WST",10,"kappa_0.3","app_sparse_hetero",7,"WST_heteroSparse",2.96291897812002,"BALANCED",1106,25,48,0,1,1,10,4,FALSE,-1.7602423143831,0.173297388896003,-1.8038169763396,0.45917560975134,-1.88655147083586,0.409425791702606,0.0435746619564945,0.126309156452757,0.082734494496262
"WST",10,"kappa_0.3","app_sparse_hetero",7,"WST_heteroSparse",2.96291897812002,"BALANCED",1107,26,48,1,0,1,2,4,FALSE,-1.27865647854274,0.13543979801581,-1.19168332636137,0.367745131131105,-1.18298455782928,0.289724520442734,-0.0869731521813764,-0.0956719207134595,-0.00869876853208318
"WST",10,"kappa_0.3","app_sparse_hetero",7,"WST_heteroSparse",2.96291897812002,"BALANCED",1108,27,48,0,0,0,2,4,FALSE,-0.439212048133226,0.146143600855954,-0.471737011778389,0.0159449943817081,-0.465437558734546,0.321109973898024,0.0325249636451632,0.0262255106013205,-0.00629945304384272
"WST",10,"kappa_0.3","app_sparse_hetero",7,"WST_heteroSparse",2.96291897812002,"BALANCED",1109,28,48,1,0,1,6,4,FALSE,-4.40987475990662,0.301107110522037,-4.10415868041717,-0.00717406749368564,-4.30051829186977,0.27993578014698,-0.305716079489455,-0.109356468036854,0.196359611452602
"WST",10,"kappa_0.3","app_sparse_hetero",7,"WST_heteroSparse",2.96291897812002,"BALANCED",1110,29,48,0,1,1,7,4,FALSE,-1.66288457719098,0.305299988961593,-1.56452768841581,0.32979012127689,-1.62745123001055,0.0230137172449095,-0.0983568887751716,-0.0354333471804278,0.0629235415947438
"WST",10,"kappa_0.3","app_sparse_hetero",7,"WST_heteroSparse",2.96291897812002,"BALANCED",1111,30,48,0,0,0,8,4,FALSE,-0.154426102612931,0.16833369006174,-0.175865857600298,-0.108668529687293,-0.254262314043713,-0.161364258803133,0.0214397549873677,0.0998362114307829,0.0783964564434152
"WST",10,"kappa_0.3","app_sparse_hetero",7,"WST_heteroSparse",2.96291897812002,"BALANCED",1112,31,48,1,0,1,7,4,FALSE,-3.92878193629827,0.402203700110522,-3.66515785007553,0.267000067721728,-3.84989812620384,0.351383051565634,-0.263624086222733,-0.0788838100944274,0.184740276128306
"WST",10,"kappa_0.3","app_sparse_hetero",7,"WST_heteroSparse",2.96291897812002,"BALANCED",1113,32,48,0,0,0,4,4,TRUE,-0.220877628463029,0.284260720967025,-0.212898638939559,0.251474136534049,-0.213734640001658,0.146772517508215,-0.00797898952346987,-0.00714298846137051,0.000836001062099356
"WST",10,"kappa_0.3","app_sparse_hetero",7,"WST_heteroSparse",2.96291897812002,"BALANCED",1114,33,48,0,0,0,4,4,TRUE,-0.216588127163631,0.102610175270945,-0.20141688971291,0.254077284437829,-0.219741385528031,0.25900353199121,-0.0151712374507218,0.00315325836439939,0.0183244958151212
"WST",10,"kappa_0.3","app_sparse_hetero",7,"WST_heteroSparse",2.96291897812002,"BALANCED",1115,34,48,0,0,0,6,4,FALSE,-0.323860794606873,0.425515141570805,-0.367014167285518,0.247305708546633,-0.341553227085225,-0.019879444700696,0.0431533726786446,0.0176924324783512,-0.0254609402002934
"WST",10,"kappa_0.3","app_sparse_hetero",7,"WST_heteroSparse",2.96291897812002,"BALANCED",1116,35,48,0,0,0,3,4,FALSE,-0.78454249875345,-0.0512319248196746,-0.768236450285309,0.156851240925452,-0.727613081297031,0.224903517894502,-0.0163060484681408,-0.056929417456419,-0.0406233689882782
"WST",10,"kappa_0.3","app_sparse_hetero",7,"WST_heteroSparse",2.96291897812002,"BALANCED",1117,36,48,0,0,0,5,4,FALSE,-0.138954594026859,0.245822800877873,-0.121220137227567,0.179451233325603,-0.134542318161614,0.178447510635149,-0.0177344567992916,-0.00441227586524473,0.0133221809340469
"WST",10,"kappa_0.3","app_sparse_hetero",7,"WST_heteroSparse",2.96291897812002,"BALANCED",1118,37,48,0,0,0,7,4,FALSE,-0.39994841705619,-0.248627407129264,-0.400846293688423,0.117165315574857,-0.368132096137168,0.148440280706466,0.00089787663223273,-0.0318163209190221,-0.0327141975512548
"WST",10,"kappa_0.3","app_sparse_hetero",7,"WST_heteroSparse",2.96291897812002,"BALANCED",1119,38,48,0,0,0,9,4,FALSE,-0.144577929230379,0.150225840243081,-0.169610220990909,0.190623939109338,-0.244772823116613,-0.000374964662399904,0.0250322917605299,0.100194893886234,0.0751626021257046
"WST",10,"kappa_0.3","app_sparse_hetero",7,"WST_heteroSparse",2.96291897812002,"BALANCED",1120,39,48,0,0,0,8,4,FALSE,-0.26343392661,0.159054914621246,-0.249465755983384,0.150723343085116,-0.262481975269016,0.900387879830435,-0.0139681706266161,-0.000951951340984358,0.0130162192856318
"WST",10,"kappa_0.3","app_sparse_hetero",7,"WST_heteroSparse",2.96291897812002,"BALANCED",1121,40,48,0,3,3,10,4,FALSE,-4.9328554875455,0.42480417248498,-5.23251064779681,0.529039585562525,-5.89117204362074,0.351869698374971,0.299655160251317,0.958316556075241,0.658661395823924
"WST",10,"kappa_0.3","app_sparse_hetero",7,"WST_heteroSparse",2.96291897812002,"BALANCED",1122,41,48,0,0,0,6,4,FALSE,-0.401345277053867,0.20504589401798,-0.419229032714695,0.289340664825571,-0.400875066337845,0.135490520409527,0.0178837556608276,-0.000470210716022379,-0.0183539663768499
"WST",10,"kappa_0.3","app_sparse_hetero",7,"WST_heteroSparse",2.96291897812002,"BALANCED",1123,42,48,0,0,0,1,4,FALSE,-0.242864230566791,0.120556473986156,-0.180162821126964,0.259585765724948,-0.209947794637522,0.281622557580823,-0.0627014094398266,-0.0329164359292689,0.0297849735105578
"WST",10,"kappa_0.3","app_sparse_hetero",7,"WST_heteroSparse",2.96291897812002,"BALANCED",1124,43,48,1,0,1,4,4,TRUE,-2.71375477239504,0.340970455266314,-2.71014410048681,0.476312444312912,-2.68755708795876,0.297021223770163,-0.00361067190822872,-0.0261976844362817,-0.022587012528053
"WST",10,"kappa_0.3","app_sparse_hetero",7,"WST_heteroSparse",2.96291897812002,"BALANCED",1125,44,48,0,0,0,9,4,FALSE,-0.22121923128821,0.128489535675938,-0.2300038771123,-0.0114102099037582,-0.327492862718851,0.102755485177868,0.00878464582409055,0.106273631430642,0.0974889856065513
"WST",10,"kappa_0.3","app_sparse_hetero",7,"WST_heteroSparse",2.96291897812002,"BALANCED",1126,45,48,0,0,0,2,4,FALSE,-0.482101086260101,0.0246726644305832,-0.531337932071366,0.108445648858266,-0.532434696004231,0.194830097039052,0.0492368458112642,0.0503336097441291,0.00109676393286495
"WST",10,"kappa_0.3","app_sparse_hetero",7,"WST_heteroSparse",2.96291897812002,"BALANCED",1127,46,48,0,0,0,6,4,FALSE,-0.141368892120098,-0.0496055636160975,-0.131870297588267,0.129503404376788,-0.148882831639371,0.278393215906625,-0.00949859453183066,0.00751393951927337,0.017012534051104
"WST",10,"kappa_0.3","app_sparse_hetero",7,"WST_heteroSparse",2.96291897812002,"BALANCED",1128,47,48,0,0,0,10,4,FALSE,-0.337922956114715,0.145820865943378,-0.3271168569542,-0.125889278741475,-0.211813574727797,0.589029773818897,-0.010806099160515,-0.126109381386918,-0.115303282226403
"WST",10,"kappa_0.3","app_sparse_hetero",7,"WST_heteroSparse",2.96291897812002,"BALANCED",1129,1,49,0,0,0,2,10,FALSE,-0.251088382071881,0.0762830777181174,-0.255594522453122,0.1952591704715,-0.290487358556478,0.0117603409586201,0.00450614038124098,0.0393989764845974,0.0348928361033565
"WST",10,"kappa_0.3","app_sparse_hetero",7,"WST_heteroSparse",2.96291897812002,"BALANCED",1130,2,49,0,0,0,9,10,FALSE,-0.211444828265182,0.411202700542873,-0.207884276935018,-0.0427052276825,-0.272932776555092,0.0792808379917058,-0.00356055133016397,0.0614879482899102,0.0650484996200742
"WST",10,"kappa_0.3","app_sparse_hetero",7,"WST_heteroSparse",2.96291897812002,"BALANCED",1131,3,49,0,0,0,1,10,FALSE,-0.232119654676239,0.293701108458774,-0.22728635734683,0.191052559112466,-0.314584647072267,0.0639675016018047,-0.00483329732940962,0.0824649923960274,0.0872982897254371
"WST",10,"kappa_0.3","app_sparse_hetero",7,"WST_heteroSparse",2.96291897812002,"BALANCED",1132,4,49,0,0,0,8,10,FALSE,-0.147029923253762,0.149044118039141,-0.104839231152149,0.0702851187705185,-0.209002070297797,0.0572842372687103,-0.0421906921016131,0.0619721470440346,0.104162839145648
"WST",10,"kappa_0.3","app_sparse_hetero",7,"WST_heteroSparse",2.96291897812002,"BALANCED",1133,5,49,0,0,0,7,10,FALSE,-0.185560607018033,0.111463861123885,-0.146387873475018,0.072592442532406,-0.227525725890177,0.233304741487914,-0.0391727335430145,0.0419651188721444,0.0811378524151589
"WST",10,"kappa_0.3","app_sparse_hetero",7,"WST_heteroSparse",2.96291897812002,"BALANCED",1134,6,49,2,0,2,4,10,FALSE,-2.99067983382518,0.411122061182382,-3.08875636607157,0.427640738493893,-3.30524725740458,0.180389904701442,0.0980765322463917,0.314567423579406,0.216490891333014
"WST",10,"kappa_0.3","app_sparse_hetero",7,"WST_heteroSparse",2.96291897812002,"BALANCED",1135,7,49,0,0,0,6,10,FALSE,-0.204456478553651,0.385400329790227,-0.193713374035142,0.0191266089293133,-0.20942466534513,0.0260148521009776,-0.0107431045185091,0.00496818679147903,0.0157112913099882
"WST",10,"kappa_0.3","app_sparse_hetero",7,"WST_heteroSparse",2.96291897812002,"BALANCED",1136,8,49,0,0,0,9,10,FALSE,-0.126037078297354,0.0720938514811578,-0.131665317885769,0.220451575339859,-0.173345534253472,0.413575469534319,0.00562823958841552,0.0473084559561183,0.0416802163677028
"WST",10,"kappa_0.3","app_sparse_hetero",7,"WST_heteroSparse",2.96291897812002,"BALANCED",1137,9,49,3,0,3,3,10,FALSE,-5.32371831866185,0.5508996948302,-5.32212415744683,0.317605280508582,-6.10151158509084,0.226338049538243,-0.00159416121501721,0.777793266428995,0.779387427644012
"WST",10,"kappa_0.3","app_sparse_hetero",7,"WST_heteroSparse",2.96291897812002,"BALANCED",1138,10,49,1,0,1,3,10,FALSE,-1.34075277777688,-0.0562497790869814,-1.33786511363845,0.0945605978632173,-1.5221635326154,-0.0602658620249172,-0.00288766413843433,0.18141075483852,0.184298418976955
"WST",10,"kappa_0.3","app_sparse_hetero",7,"WST_heteroSparse",2.96291897812002,"BALANCED",1139,11,49,0,0,0,9,10,FALSE,-0.174104186613318,0.0530752345428506,-0.173928303145359,0.124144819814605,-0.227029724070126,-0.0363354598702235,-0.000175883467959714,0.0529255374568081,0.0531014209247678
"WST",10,"kappa_0.3","app_sparse_hetero",7,"WST_heteroSparse",2.96291897812002,"BALANCED",1140,12,49,0,0,0,6,10,FALSE,-0.182020661772881,0.170298439262379,-0.145401287354249,0.248565835251904,-0.192764632139883,0.163152144486173,-0.0366193744186312,0.0107439703670025,0.0473633447856336
"WST",10,"kappa_0.3","app_sparse_hetero",7,"WST_heteroSparse",2.96291897812002,"BALANCED",1141,13,49,0,0,0,7,10,FALSE,-0.13283786948362,0.183293519692487,-0.0956576843582289,0.0480161415377426,-0.186561513015212,0.126354033999643,-0.0371801851253908,0.0537236435315922,0.090903828656983
"WST",10,"kappa_0.3","app_sparse_hetero",7,"WST_heteroSparse",2.96291897812002,"BALANCED",1142,14,49,0,0,0,1,10,FALSE,-0.247736135541583,0.150179016782023,-0.245842846037424,0.0762038759127889,-0.35132984960875,0.274220384027711,-0.00189328950415923,0.103593714067167,0.105487003571326
"WST",10,"kappa_0.3","app_sparse_hetero",7,"WST_heteroSparse",2.96291897812002,"BALANCED",1143,15,49,0,0,0,5,10,FALSE,-0.33639135980799,0.150049224044372,-0.326865751123665,0.230715537978254,-0.27434110448354,0.0320476612443245,-0.00952560868432428,-0.0620502553244497,-0.0525246466401255
"WST",10,"kappa_0.3","app_sparse_hetero",7,"WST_heteroSparse",2.96291897812002,"BALANCED",1144,16,49,0,0,0,10,10,TRUE,-0.193924297438152,0.404762649864747,-0.215812973795928,0.451264180939683,-0.231229335402158,0.0659076927324594,0.0218886763577757,0.0373050379640061,0.0154163616062304
"WST",10,"kappa_0.3","app_sparse_hetero",7,"WST_heteroSparse",2.96291897812002,"BALANCED",1145,17,49,0,0,0,5,10,FALSE,-0.388335857106039,0.0746035223292,-0.387298013927277,0.409632544066854,-0.324087575975307,-0.169436806883265,-0.00103784317876254,-0.0642482811307321,-0.0632104379519696
"WST",10,"kappa_0.3","app_sparse_hetero",7,"WST_heteroSparse",2.96291897812002,"BALANCED",1146,18,49,0,0,0,9,10,FALSE,-0.149029335899833,0.277471051572407,-0.146257680384994,0.0527006155715474,-0.198262616971782,0.159835934635588,-0.00277165551483893,0.0492332810719489,0.0520049365867878
"WST",10,"kappa_0.3","app_sparse_hetero",7,"WST_heteroSparse",2.96291897812002,"BALANCED",1147,19,49,0,0,0,8,10,FALSE,-0.215665315084479,0.034508897168881,-0.185564824155028,0.322300201973759,-0.226389193958097,0.144187521917167,-0.0301004909294509,0.0107238788736179,0.0408243698030688
"WST",10,"kappa_0.3","app_sparse_hetero",7,"WST_heteroSparse",2.96291897812002,"BALANCED",1148,20,49,0,0,0,1,10,FALSE,-0.259720307355787,0.290561966485421,-0.269108613118243,-0.081670020562551,-0.381402694024886,0.034886259897545,0.00938830576245575,0.121682386669099,0.112294080906644
"WST",10,"kappa_0.3","app_sparse_hetero",7,"WST_heteroSparse",2.96291897812002,"BALANCED",1149,21,49,1,0,1,1,10,FALSE,-1.78159092490734,0.224054208447246,-1.73644238876155,0.362326183480158,-1.55880339636379,0.119267778486795,-0.0451485361457866,-0.222787528543547,-0.17763899239776
"WST",10,"kappa_0.3","app_sparse_hetero",7,"WST_heteroSparse",2.96291897812002,"BALANCED",1150,22,49,0,0,0,7,10,FALSE,-0.156303634878131,0.257634260144711,-0.171596035519682,0.202909194090867,-0.181720589368205,0.44753394534216,0.0152924006415516,0.0254169544900744,0.0101245538485228
"WST",10,"kappa_0.3","app_sparse_hetero",7,"WST_heteroSparse",2.96291897812002,"BALANCED",1151,23,49,0,0,0,5,10,FALSE,-0.335819868508096,0.170410636763575,-0.323413491861419,0.177173308878409,-0.278344968031951,0.0813741763139379,-0.0124063766466769,-0.0574749004761443,-0.0450685238294675
"WST",10,"kappa_0.3","app_sparse_hetero",7,"WST_heteroSparse",2.96291897812002,"BALANCED",1152,24,49,0,0,0,1,10,FALSE,-0.297748648857599,0.195081478131548,-0.307022873994687,0.0822251917197442,-0.436427120457788,-0.0586490807023869,0.00927422513708809,0.138678471600189,0.129404246463101
"WST",10,"kappa_0.3","app_sparse_hetero",7,"WST_heteroSparse",2.96291897812002,"BALANCED",1153,25,49,0,0,0,10,10,TRUE,-0.112261356629337,0.170814734586185,-0.100512744746367,0.266003059624913,-0.142333469883469,0.0406034510407221,-0.0117486118829699,0.030072113254132,0.0418207251371019
"WST",10,"kappa_0.3","app_sparse_hetero",7,"WST_heteroSparse",2.96291897812002,"BALANCED",1154,26,49,0,0,0,2,10,FALSE,-0.447982737156194,0.0718331253384692,-0.483140306552375,-0.0288316999961311,-0.38906473194372,0.23756016090625,0.0351575693961808,-0.0589180052124743,-0.094075574608655
"WST",10,"kappa_0.3","app_sparse_hetero",7,"WST_heteroSparse",2.96291897812002,"BALANCED",1155,27,49,0,0,0,2,10,FALSE,-0.309506878441379,0.192193649614369,-0.329142330902322,-0.254073690049658,-0.263616621894303,0.372932072430942,0.0196354524609434,-0.045890256547076,-0.0655257090080195
"WST",10,"kappa_0.3","app_sparse_hetero",7,"WST_heteroSparse",2.96291897812002,"BALANCED",1156,28,49,0,0,0,6,10,FALSE,-0.184044305662868,0.139432676982056,-0.181179594439155,0.220162716756501,-0.188234067183051,-0.124049202019403,-0.00286471122371257,0.00418976152018313,0.0070544727438957
"WST",10,"kappa_0.3","app_sparse_hetero",7,"WST_heteroSparse",2.96291897812002,"BALANCED",1157,29,49,0,0,0,7,10,FALSE,-0.152423959503726,0.141683887915199,-0.153398949758224,0.201552384273928,-0.185951478300074,0.0713931627424384,0.000974990254498209,0.0335275187963475,0.0325525285418493
"WST",10,"kappa_0.3","app_sparse_hetero",7,"WST_heteroSparse",2.96291897812002,"BALANCED",1158,30,49,0,0,0,8,10,FALSE,-0.154086567590591,0.213162741900416,-0.156775103627725,0.14951412881442,-0.199613314099799,0.139397679889625,0.00268853603713382,0.045526746509208,0.0428382104720741
"WST",10,"kappa_0.3","app_sparse_hetero",7,"WST_heteroSparse",2.96291897812002,"BALANCED",1159,31,49,0,0,0,7,10,FALSE,-0.214709986149612,0.14838091963997,-0.258973512743882,0.0721753027033675,-0.2611913913712,-0.116141208928192,0.0442635265942704,0.0464814052215878,0.00221787862731748
"WST",10,"kappa_0.3","app_sparse_hetero",7,"WST_heteroSparse",2.96291897812002,"BALANCED",1160,32,49,1,0,1,4,10,FALSE,-1.47270820610197,-0.0814878585342143,-1.53093964779481,-0.0810598755776149,-1.62536359389778,0.229580931909748,0.0582314416928398,0.152655387795808,0.0944239461029683
"WST",10,"kappa_0.3","app_sparse_hetero",7,"WST_heteroSparse",2.96291897812002,"BALANCED",1161,33,49,0,0,0,4,10,FALSE,-0.394662723547709,0.231499150960654,-0.387136303525481,0.250712890044809,-0.324001451037032,-0.0230672749961778,-0.00752642002222803,-0.0706612725106774,-0.0631348524884494
"WST",10,"kappa_0.3","app_sparse_hetero",7,"WST_heteroSparse",2.96291897812002,"BALANCED",1162,34,49,0,0,0,6,10,FALSE,-0.166205013692902,0.29973534895832,-0.182522783241175,0.162447004218797,-0.192435037749035,0.161197224331076,0.016317769548273,0.0262300240561331,0.00991225450786004
"WST",10,"kappa_0.3","app_sparse_hetero",7,"WST_heteroSparse",2.96291897812002,"BALANCED",1163,35,49,1,0,1,3,10,FALSE,-1.25815778602183,0.149887241866628,-1.25176661050942,0.0629194456844427,-1.44354694824539,0.0794610634783249,-0.00639117551240709,0.185389162223566,0.191780337735973
"WST",10,"kappa_0.3","app_sparse_hetero",7,"WST_heteroSparse",2.96291897812002,"BALANCED",1164,36,49,0,0,0,5,10,FALSE,-0.226969911932311,0.133720704227847,-0.223716798184469,0.28365785753485,-0.195171684439531,0.259651472562507,-0.00325311374784221,-0.0317982274927804,-0.0285451137449382
"WST",10,"kappa_0.3","app_sparse_hetero",7,"WST_heteroSparse",2.96291897812002,"BALANCED",1165,37,49,0,0,0,7,10,FALSE,-0.196917840092588,0.164244828455193,-0.193242578901012,0.396871154418635,-0.200290855131884,0.256340209217976,-0.00367526119157624,0.00337301503929588,0.00704827623087212
"WST",10,"kappa_0.3","app_sparse_hetero",7,"WST_heteroSparse",2.96291897812002,"BALANCED",1166,38,49,0,0,0,9,10,FALSE,-0.146348890503124,0.0626900004478045,-0.15172136468814,0.292455410760885,-0.193801266039012,-0.0495619183331436,0.00537247418501607,0.0474523755358875,0.0420799013508715
"WST",10,"kappa_0.3","app_sparse_hetero",7,"WST_heteroSparse",2.96291897812002,"BALANCED",1167,39,49,0,0,0,8,10,FALSE,-0.103326022714455,-0.0048701078093896,-0.0787182370269299,0.397860448284068,-0.14416520064864,0.507020824404482,-0.0246077856875253,0.0408391779341848,0.0654469636217101
"WST",10,"kappa_0.3","app_sparse_hetero",7,"WST_heteroSparse",2.96291897812002,"BALANCED",1168,40,49,0,1,1,10,10,TRUE,-2.56388948539435,0.154983656226131,-2.38764782094317,0.432560545934319,-1.90284254074961,-0.0429518238955443,-0.176241664451177,-0.661046944644743,-0.484805280193566
"WST",10,"kappa_0.3","app_sparse_hetero",7,"WST_heteroSparse",2.96291897812002,"BALANCED",1169,41,49,1,0,1,6,10,FALSE,-2.23422922163011,0.513858949585035,-2.18703764013366,0.403564249781116,-2.44429109469759,0.293775397479673,-0.0471915814964552,0.210061873067481,0.257253454563936
"WST",10,"kappa_0.3","app_sparse_hetero",7,"WST_heteroSparse",2.96291897812002,"BALANCED",1170,42,49,0,0,0,1,10,FALSE,-0.288462078182911,0.215226579187667,-0.291644361466161,0.149431829514691,-0.417411662379127,0.0583386679148119,0.00318228328324999,0.128949584196216,0.125767300912966
"WST",10,"kappa_0.3","app_sparse_hetero",7,"WST_heteroSparse",2.96291897812002,"BALANCED",1171,43,49,0,0,0,4,10,FALSE,-0.368038270532975,0.168784662750594,-0.353266461917399,0.0968699106123743,-0.295468543479513,0.183920005720837,-0.0147718086155759,-0.0725697270534624,-0.0577979184378865
"WST",10,"kappa_0.3","app_sparse_hetero",7,"WST_heteroSparse",2.96291897812002,"BALANCED",1172,44,49,0,0,0,9,10,FALSE,-0.179249815534499,-0.0025946795680991,-0.201451009915791,0.150318507365625,-0.258635735441418,0.0844262266540585,0.0222011943812923,0.0793859199069189,0.0571847255256266
"WST",10,"kappa_0.3","app_sparse_hetero",7,"WST_heteroSparse",2.96291897812002,"BALANCED",1173,45,49,1,0,1,2,10,FALSE,-1.47435137885196,0.18609048734476,-1.38829460270537,0.241723556848448,-1.54994002265657,0.156968797273534,-0.0860567761465871,0.0755886438046094,0.161645419951197
"WST",10,"kappa_0.3","app_sparse_hetero",7,"WST_heteroSparse",2.96291897812002,"BALANCED",1174,46,49,1,0,1,6,10,FALSE,-2.13460610233447,0.026448968003793,-2.07567195209047,0.366747886045756,-2.22514836967324,0.1086314709408,-0.0589341502440037,0.0905422673387681,0.149476417582772
"WST",10,"kappa_0.3","app_sparse_hetero",7,"WST_heteroSparse",2.96291897812002,"BALANCED",1175,47,49,0,0,0,10,10,TRUE,-0.137579265681101,0.329241583551493,-0.204827232951537,0.37859433486251,-0.16100345857239,0.106898737789685,0.0672479672704362,0.0234241928912891,-0.0438237743791472
"WST",10,"kappa_0.3","app_sparse_hetero",7,"WST_heteroSparse",2.96291897812002,"BALANCED",1176,48,49,1,0,1,4,10,FALSE,-1.45161689933548,0.33330261287973,-1.47135274222216,0.218557115608733,-1.61379813907337,0.213507105087454,0.0197358428866776,0.16218123973789,0.142445396851213
"WST",10,"kappa_0.3","app_sparse_hetero",7,"WST_heteroSparse",2.96291897812002,"BALANCED",1177,1,50,0,0,0,2,8,FALSE,-0.324765749854446,0.377103443676438,-0.328143361058191,0.134156492226796,-0.340073540682536,-0.0141598705756596,0.00337761120374491,0.0153077908280901,0.0119301796243452
"WST",10,"kappa_0.3","app_sparse_hetero",7,"WST_heteroSparse",2.96291897812002,"BALANCED",1178,2,50,0,0,0,9,8,FALSE,-0.28625517401021,0.289034166722866,-0.278682833714672,0.227780313212038,-0.268457476440001,0.0918225393325326,-0.00757234029553722,-0.0177976975702085,-0.0102253572746713
"WST",10,"kappa_0.3","app_sparse_hetero",7,"WST_heteroSparse",2.96291897812002,"BALANCED",1179,3,50,0,0,0,1,8,FALSE,-0.32665590498237,0.0708686139614287,-0.317551533072309,0.0640046304345719,-0.378756811240291,0.196439599996147,-0.00910437191006075,0.0521009062579214,0.0612052781679822
"WST",10,"kappa_0.3","app_sparse_hetero",7,"WST_heteroSparse",2.96291897812002,"BALANCED",1180,4,50,0,0,0,8,8,TRUE,-0.243586815753635,0.143865928539814,-0.18147806419859,0.271034055085554,-0.241696850802225,0.180304759437768,-0.0621087515550451,-0.0018899649514097,0.0602187866036354
"WST",10,"kappa_0.3","app_sparse_hetero",7,"WST_heteroSparse",2.96291897812002,"BALANCED",1181,5,50,0,0,0,7,8,FALSE,-0.279448736826279,0.100351738283775,-0.22655771199254,0.1878660542211,-0.271708280072011,0.0276940321787698,-0.0528910248337393,-0.00774045675426827,0.045150568079471
"WST",10,"kappa_0.3","app_sparse_hetero",7,"WST_heteroSparse",2.96291897812002,"BALANCED",1182,6,50,0,0,0,4,8,FALSE,-0.460951117794886,0.140643499735952,-0.460159489952946,0.103666004819735,-0.478286975540831,0.0167334999991452,-0.000791627841939757,0.0173358577459455,0.0181274855878852
"WST",10,"kappa_0.3","app_sparse_hetero",7,"WST_heteroSparse",2.96291897812002,"BALANCED",1183,7,50,0,0,0,6,8,FALSE,-0.258232817976116,0.117736442523154,-0.274053109085608,0.481447749098159,-0.250770794132576,0.0971769383945246,0.0158202911094927,-0.00746202384353989,-0.0232823149530326
"WST",10,"kappa_0.3","app_sparse_hetero",7,"WST_heteroSparse",2.96291897812002,"BALANCED",1184,8,50,0,0,0,9,8,FALSE,-0.185111631543604,0.114272060380468,-0.190817757077317,0.463353809837468,-0.171645273848542,0.406907531786388,0.00570612553371319,-0.0134663576950622,-0.0191724832287754
"WST",10,"kappa_0.3","app_sparse_hetero",7,"WST_heteroSparse",2.96291897812002,"BALANCED",1185,9,50,0,0,0,3,8,FALSE,-0.48305396031633,0.288780817723984,-0.524726616502393,0.243786477352122,-0.394905965254213,0.382275823210186,0.0416726561860639,-0.0881479950621165,-0.12982065124818
"WST",10,"kappa_0.3","app_sparse_hetero",7,"WST_heteroSparse",2.96291897812002,"BALANCED",1186,10,50,1,0,1,3,8,FALSE,-1.35589673225724,0.262940653454315,-1.30921457499172,0.150408732614643,-1.44918619424282,0.115082227843902,-0.0466821572655229,0.0932894619855835,0.139971619251106
"WST",10,"kappa_0.3","app_sparse_hetero",7,"WST_heteroSparse",2.96291897812002,"BALANCED",1187,11,50,0,0,0,9,8,FALSE,-0.244369392197735,0.164091573436956,-0.247758236212872,0.0851463649370186,-0.226841776197322,0.138444327088525,0.00338884401513617,-0.0175276160004136,-0.0209164600155498
"WST",10,"kappa_0.3","app_sparse_hetero",7,"WST_heteroSparse",2.96291897812002,"BALANCED",1188,12,50,0,0,0,6,8,FALSE,-0.240126550233543,0.381909581921447,-0.203288289691161,0.265655978915645,-0.228215847409883,0.194376046644152,-0.0368382605423827,-0.01191070282366,0.0249275577187227
"WST",10,"kappa_0.3","app_sparse_hetero",7,"WST_heteroSparse",2.96291897812002,"BALANCED",1189,13,50,0,0,0,7,8,FALSE,-0.213110943433714,0.149405226359239,-0.161681232849748,0.0356142155090528,-0.217729729197627,0.0644221653620253,-0.0514297105839656,0.00461878576391328,0.0560484963478789
"WST",10,"kappa_0.3","app_sparse_hetero",7,"WST_heteroSparse",2.96291897812002,"BALANCED",1190,14,50,1,0,1,1,8,FALSE,-1.78971304631534,0.387059169478463,-1.63269607586479,0.332757316723782,-1.55561198127497,0.572894273423973,-0.157016970450547,-0.234101065040363,-0.0770840945898161
"WST",10,"kappa_0.3","app_sparse_hetero",7,"WST_heteroSparse",2.96291897812002,"BALANCED",1191,15,50,0,0,0,5,8,FALSE,-0.3118493503955,0.209672952689282,-0.312094411768745,0.183496046199913,-0.322253189033248,0.13245795855879,0.000245061373245647,0.0104038386377479,0.0101587772645022
"WST",10,"kappa_0.3","app_sparse_hetero",7,"WST_heteroSparse",2.96291897812002,"BALANCED",1192,16,50,0,0,0,10,8,FALSE,-0.18211336800575,-0.0355313917606444,-0.161849761299491,0.0818430902781103,-0.234097299224842,0.147051138500937,-0.0202636067062585,0.051983931219092,0.0722475379253504
"WST",10,"kappa_0.3","app_sparse_hetero",7,"WST_heteroSparse",2.96291897812002,"BALANCED",1193,17,50,0,0,0,5,8,FALSE,-0.357724978371603,0.0259543208047575,-0.362786540009634,0.106978156961823,-0.38051184854019,-0.0510315196794199,0.00506156163803162,0.0227868701685878,0.0177253085305562
"WST",10,"kappa_0.3","app_sparse_hetero",7,"WST_heteroSparse",2.96291897812002,"BALANCED",1194,18,50,0,0,0,9,8,FALSE,-0.204306647649248,0.244741172884299,-0.197164235097699,0.0726399902328948,-0.194407591000589,0.202496650385501,-0.00714241255154846,-0.00989905664865898,-0.00275664409711052
"WST",10,"kappa_0.3","app_sparse_hetero",7,"WST_heteroSparse",2.96291897812002,"BALANCED",1195,19,50,0,0,0,8,8,TRUE,-0.278530123580558,0.299176590786068,-0.273585366096862,0.0957959824266905,-0.267233948175057,-0.0744829164640319,-0.00494475748369627,-0.0112961754055014,-0.00635141792180516
"WST",10,"kappa_0.3","app_sparse_hetero",7,"WST_heteroSparse",2.96291897812002,"BALANCED",1196,20,50,0,0,0,1,8,FALSE,-0.374649932684596,0.0295756692692185,-0.379557994350951,-0.149935725397741,-0.461257176479816,-0.0582880119105774,0.00490806166635505,0.0866072437952203,0.0816991821288653
"WST",10,"kappa_0.3","app_sparse_hetero",7,"WST_heteroSparse",2.96291897812002,"BALANCED",1197,21,50,2,0,2,1,8,FALSE,-3.6451876500499,0.641710323408723,-3.47030362754767,0.410848405545665,-3.3317396239828,0.600200618243907,-0.174884022502229,-0.313448026067102,-0.138564003564873
"WST",10,"kappa_0.3","app_sparse_hetero",7,"WST_heteroSparse",2.96291897812002,"BALANCED",1198,22,50,0,0,0,7,8,FALSE,-0.225172751705716,0.246745018085026,-0.243614105515238,0.31020919646569,-0.218356115652542,0.449864053887392,0.0184413538095223,-0.00681663605317429,-0.0252579898626966
"WST",10,"kappa_0.3","app_sparse_hetero",7,"WST_heteroSparse",2.96291897812002,"BALANCED",1199,23,50,0,0,0,5,8,FALSE,-0.310775728660554,-0.0114940808918943,-0.3176398593263,0.0472678801495473,-0.327991475488947,-0.131713430356055,0.00686413066574598,0.0172157468283931,0.0103516161626471
"WST",10,"kappa_0.3","app_sparse_hetero",7,"WST_heteroSparse",2.96291897812002,"BALANCED",1200,24,50,0,0,0,1,8,FALSE,-0.427486961378786,0.24231665151308,-0.434215800685863,0.155280227111563,-0.525819127458904,0.126220205904395,0.00672883930707702,0.0983321660801186,0.0916033267730416
"WST",10,"kappa_0.3","app_sparse_hetero",7,"WST_heteroSparse",2.96291897812002,"BALANCED",1201,25,50,0,0,0,10,8,FALSE,-0.127876929816325,0.0557113442219897,-0.107858498275046,0.111520355460834,-0.158082055451959,0.24172418339569,-0.0200184315412786,0.0302051256356339,0.0502235571769125
"WST",10,"kappa_0.3","app_sparse_hetero",7,"WST_heteroSparse",2.96291897812002,"BALANCED",1202,26,50,1,1,2,2,8,FALSE,-5.02213876325077,0.699369835956666,-5.43931825729599,0.377361034589265,-5.28112248868707,0.404148976130178,0.417179494045213,0.258983725436301,-0.158195768608912
"WST",10,"kappa_0.3","app_sparse_hetero",7,"WST_heteroSparse",2.96291897812002,"BALANCED",1203,27,50,1,0,1,2,8,FALSE,-1.62695239027816,0.0880701590309456,-1.53378139725684,0.321743968272182,-1.67627295499893,0.0415242649352552,-0.0931709930213245,0.0493205647207651,0.14249155774209
"WST",10,"kappa_0.3","app_sparse_hetero",7,"WST_heteroSparse",2.96291897812002,"BALANCED",1204,28,50,0,0,0,6,8,FALSE,-0.224895773144477,0.136842779231315,-0.252526354001916,0.183479671395316,-0.227246252471981,0.149384718145969,0.0276305808574397,0.00235047932750465,-0.0252801015299351
"WST",10,"kappa_0.3","app_sparse_hetero",7,"WST_heteroSparse",2.96291897812002,"BALANCED",1205,29,50,0,1,1,7,8,FALSE,-4.04083095817837,0.233507598708481,-4.07756365532507,0.247383558059439,-2.82525939883118,1.54200828723754,0.0367326971466975,-1.21557155934719,-1.25230425649389
"WST",10,"kappa_0.3","app_sparse_hetero",7,"WST_heteroSparse",2.96291897812002,"BALANCED",1206,30,50,0,0,0,8,8,TRUE,-0.225712101313158,0.135941006910643,-0.220695817679024,0.262938600833486,-0.20215926761928,0.161412975651313,-0.00501628363413342,-0.0235528336938771,-0.0185365500597436
"WST",10,"kappa_0.3","app_sparse_hetero",7,"WST_heteroSparse",2.96291897812002,"BALANCED",1207,31,50,0,0,0,7,8,FALSE,-0.308890247543862,0.151291272349712,-0.317378060744924,0.307576329659162,-0.309307592132287,0.17478905043568,0.00848781320106262,0.000417344588425017,-0.0080704686126376
"WST",10,"kappa_0.3","app_sparse_hetero",7,"WST_heteroSparse",2.96291897812002,"BALANCED",1208,32,50,0,0,0,4,8,FALSE,-0.364636186390788,0.0934860750008576,-0.360018856745572,0.096425091075409,-0.372082947782184,0.153533292452739,-0.00461732964521566,0.007446761391396,0.0120640910366117
"WST",10,"kappa_0.3","app_sparse_hetero",7,"WST_heteroSparse",2.96291897812002,"BALANCED",1209,33,50,0,0,0,4,8,FALSE,-0.368579806329762,0.279387767476432,-0.365006707129847,0.198787867994663,-0.382442452520316,0.0581807472555404,-0.00357309919991433,0.013862646190554,0.0174357453904683
"WST",10,"kappa_0.3","app_sparse_hetero",7,"WST_heteroSparse",2.96291897812002,"BALANCED",1210,34,50,0,0,0,6,8,FALSE,-0.254560284852023,0.206643336454214,-0.261250590491069,0.113882994780558,-0.230241641961895,0.138770097496991,0.00669030563904549,-0.0243186428901287,-0.0310089485291742
"WST",10,"kappa_0.3","app_sparse_hetero",7,"WST_heteroSparse",2.96291897812002,"BALANCED",1211,35,50,2,0,2,3,8,FALSE,-2.78454282366531,0.260927961575291,-2.66939449131547,0.612121465624172,-3.09321088157158,0.170801720344328,-0.115148332349841,0.308668057906271,0.423816390256112
"WST",10,"kappa_0.3","app_sparse_hetero",7,"WST_heteroSparse",2.96291897812002,"BALANCED",1212,36,50,0,0,0,5,8,FALSE,-0.214167649362596,-0.206809124608288,-0.211528333380771,0.199471901489411,-0.229504593322562,0.162867556465192,-0.00263931598182499,0.0153369439599658,0.0179762599417908
"WST",10,"kappa_0.3","app_sparse_hetero",7,"WST_heteroSparse",2.96291897812002,"BALANCED",1213,37,50,0,0,0,7,8,FALSE,-0.248193208387886,0.0977781832428115,-0.263883987326791,0.0367434173650378,-0.236153687541022,0.125337978493571,0.0156907789389047,-0.012039520846864,-0.0277302997857687
"WST",10,"kappa_0.3","app_sparse_hetero",7,"WST_heteroSparse",2.96291897812002,"BALANCED",1214,38,50,0,0,0,9,8,FALSE,-0.204595027041899,0.26802772414574,-0.204928988341478,0.329814241957297,-0.192594565921273,-0.111874599243063,0.000333961299578966,-0.0120004611206257,-0.0123344224202047
"WST",10,"kappa_0.3","app_sparse_hetero",7,"WST_heteroSparse",2.96291897812002,"BALANCED",1215,39,50,0,0,0,8,8,TRUE,-0.123620714648856,0.218648811232855,-0.106947138516927,-0.0209558376152023,-0.160138866046539,0.759903019040812,-0.0166735761319297,0.0365181513976829,0.0531917275296125
"WST",10,"kappa_0.3","app_sparse_hetero",7,"WST_heteroSparse",2.96291897812002,"BALANCED",1216,40,50,0,0,0,10,8,FALSE,-0.240837364657802,0.163891736775581,-0.214814364008852,-0.0506989410604937,-0.280503528075949,0.187970275663664,-0.0260230006489497,0.039666163418147,0.0656891640670967
"WST",10,"kappa_0.3","app_sparse_hetero",7,"WST_heteroSparse",2.96291897812002,"BALANCED",1217,41,50,0,0,0,6,8,FALSE,-0.263020394681986,0.17020957333711,-0.280107823392894,0.234834840983577,-0.248632136188893,0.167559697323764,0.0170874287109077,-0.014388258493093,-0.0314756872040007
"WST",10,"kappa_0.3","app_sparse_hetero",7,"WST_heteroSparse",2.96291897812002,"BALANCED",1218,42,50,0,0,0,1,8,FALSE,-0.420366503440674,0.471276587301825,-0.417274623262691,0.066998511085939,-0.504200218549575,0.0797751214050295,-0.00309188017798245,0.0838337151089013,0.0869255952868837
"WST",10,"kappa_0.3","app_sparse_hetero",7,"WST_heteroSparse",2.96291897812002,"BALANCED",1219,43,50,1,0,1,4,8,FALSE,-1.7174081304731,0.260716386092087,-1.65839547010246,0.401388223619036,-1.61780454479167,0.601084922008612,-0.0590126603706329,-0.0996035856814261,-0.0405909253107932
"WST",10,"kappa_0.3","app_sparse_hetero",7,"WST_heteroSparse",2.96291897812002,"BALANCED",1220,44,50,0,0,0,9,8,FALSE,-0.249580686046992,0.151015496542753,-0.268276285019152,0.333397456163492,-0.255673663637761,0.240543726585029,0.0186955989721591,0.0060929775907681,-0.012602621381391
"WST",10,"kappa_0.3","app_sparse_hetero",7,"WST_heteroSparse",2.96291897812002,"BALANCED",1221,45,50,0,0,0,2,8,FALSE,-0.456523878194839,0.0831867163912893,-0.483866258882632,0.251954054576809,-0.400208331896085,-0.0975968807591601,0.0273423806877924,-0.0563155462987543,-0.0836579269865467
"WST",10,"kappa_0.3","app_sparse_hetero",7,"WST_heteroSparse",2.96291897812002,"BALANCED",1222,46,50,0,0,0,6,8,FALSE,-0.19717660207538,0.409292226732618,-0.205308121560434,0.0997824506024512,-0.214712770341736,0.530094050534161,0.00813151948505375,0.0175361682663553,0.00940464878130154
"WST",10,"kappa_0.3","app_sparse_hetero",7,"WST_heteroSparse",2.96291897812002,"BALANCED",1223,47,50,0,0,0,10,8,FALSE,-0.127031857236323,0.096238472180635,-0.115277935926287,0.0475533471723872,-0.159396338744436,0.166769118299105,-0.0117539213100359,0.0323644815081128,0.0441184028181487
"WST",10,"kappa_0.3","app_sparse_hetero",7,"WST_heteroSparse",2.96291897812002,"BALANCED",1224,48,50,0,0,0,4,8,FALSE,-0.396398233181391,0.0530699909816083,-0.397366867339743,0.17590560440708,-0.403309705267132,0.156628634319105,0.000968634158351911,0.00691147208574083,0.00594283792738892
"WST",10,"kappa_0.3","app_sparse_hetero",7,"WST_heteroSparse",2.96291897812002,"BALANCED",1225,49,50,0,0,0,10,8,FALSE,-0.165766315646362,0.0584280101338337,-0.12139790992684,0.268192049963979,-0.217044095739678,0.0280048986414427,-0.0443684057195224,0.051277780093316,0.0956461858128383
"WST",10,"kappa_0.3","app_sparse_hetero",7,"WST_heteroSparse",2.96291897812002,"BALANCED",1226,1,51,0,0,0,2,7,FALSE,-0.382279661018732,0.100891711574754,-0.385196678963855,0.0963001708133677,-0.397964073717848,0.220397954092285,0.00291701794512367,0.015684412699116,0.0127673947539924
"WST",10,"kappa_0.3","app_sparse_hetero",7,"WST_heteroSparse",2.96291897812002,"BALANCED",1227,2,51,0,1,1,9,7,FALSE,-1.52486728054116,0.34271637752154,-1.64510464413633,0.550056860413851,-1.64004069763632,0.0396989258932244,0.12023736359517,0.115173417095155,-0.00506394650001507
"WST",10,"kappa_0.3","app_sparse_hetero",7,"WST_heteroSparse",2.96291897812002,"BALANCED",1228,3,51,1,0,1,1,7,FALSE,-1.52330585299118,0.0648199438036358,-1.4564816770877,0.241286780084634,-1.44040537858714,0.170508001685849,-0.0668241759034869,-0.082900474404048,-0.0160762985005611
"WST",10,"kappa_0.3","app_sparse_hetero",7,"WST_heteroSparse",2.96291897812002,"BALANCED",1229,4,51,0,0,0,8,7,FALSE,-0.368699862535355,0.314305584299752,-0.310677711316175,0.223434545048661,-0.327101730842327,0.303087952468404,-0.0580221512191805,-0.0415981316930285,0.016424019526152
"WST",10,"kappa_0.3","app_sparse_hetero",7,"WST_heteroSparse",2.96291897812002,"BALANCED",1230,5,51,2,0,2,7,7,TRUE,-4.58133071966958,0.406039189608139,-4.67336684489372,0.84778844378384,-4.74823310056025,0.721081441186271,0.0920361252241424,0.166902380890674,0.0748662556665316
"WST",10,"kappa_0.3","app_sparse_hetero",7,"WST_heteroSparse",2.96291897812002,"BALANCED",1231,6,51,1,0,1,4,7,FALSE,-1.45242780593875,0.359662357457149,-1.52796962329368,0.261440470230314,-1.30022477246121,0.0085289305024633,0.0755418173549263,-0.152203033477548,-0.227744850832474
"WST",10,"kappa_0.3","app_sparse_hetero",7,"WST_heteroSparse",2.96291897812002,"BALANCED",1232,7,51,0,0,0,6,7,FALSE,-0.38872207288682,0.23889617841001,-0.353769368964543,0.0816308730104252,-0.307579598874097,0.0822371569490083,-0.0349527039222766,-0.0811424740127222,-0.0461897700904457
"WST",10,"kappa_0.3","app_sparse_hetero",7,"WST_heteroSparse",2.96291897812002,"BALANCED",1233,8,51,0,1,1,9,7,FALSE,-1.76114030432375,0.250992245049722,-1.81739726099624,0.429601583286105,-1.96326300195534,-0.038252894104566,0.0562569566724918,0.202122697631589,0.145865740959097
"WST",10,"kappa_0.3","app_sparse_hetero",7,"WST_heteroSparse",2.96291897812002,"BALANCED",1234,9,51,0,0,0,3,7,FALSE,-0.486637069236368,0.019994668029947,-0.493885137714704,0.274288749795173,-0.454684904583909,-0.0892250872094633,0.00724806847833648,-0.0319521646524592,-0.0392002331307957
"WST",10,"kappa_0.3","app_sparse_hetero",7,"WST_heteroSparse",2.96291897812002,"BALANCED",1235,10,51,0,0,0,3,7,FALSE,-0.516019020930567,0.144175268861197,-0.512467943160665,0.266667070272817,-0.476576856957989,0.0939378313348595,-0.00355107776990149,-0.0394421639725779,-0.0358910862026764
"WST",10,"kappa_0.3","app_sparse_hetero",7,"WST_heteroSparse",2.96291897812002,"BALANCED",1236,11,51,0,1,1,9,7,FALSE,-1.58348955816742,0.489209651637178,-1.67421053818187,0.496953413571315,-1.74650756844796,0.286069152849805,0.0907209800144546,0.16301801028054,0.0722970302660855
"WST",10,"kappa_0.3","app_sparse_hetero",7,"WST_heteroSparse",2.96291897812002,"BALANCED",1237,12,51,2,0,2,6,7,FALSE,-4.78926768989452,0.863447973624137,-4.83133617870037,0.966362091901347,-4.9719748774308,0.557579168606197,0.0420684888058442,0.182707187536272,0.140638698730428
"WST",10,"kappa_0.3","app_sparse_hetero",7,"WST_heteroSparse",2.96291897812002,"BALANCED",1238,13,51,0,0,0,7,7,TRUE,-0.305199772577866,0.483928907023893,-0.26629547303837,0.0991892975903638,-0.264966427270848,0.195998077718826,-0.0389042995394959,-0.0402333453070174,-0.00132904576752146
"WST",10,"kappa_0.3","app_sparse_hetero",7,"WST_heteroSparse",2.96291897812002,"BALANCED",1239,14,51,0,0,0,1,7,FALSE,-0.508384002021655,0.277039470309983,-0.458798844693309,-0.0115193822260932,-0.509694544822542,-0.0115971736925693,-0.0495851573283463,0.00131054280088705,0.0508957001292334
"WST",10,"kappa_0.3","app_sparse_hetero",7,"WST_heteroSparse",2.96291897812002,"BALANCED",1240,15,51,0,0,0,5,7,FALSE,-0.324688071665221,0.312318212177366,-0.298091216923429,-0.0506619335290578,-0.372205647173461,0.102309601728735,-0.0265968547417925,0.0475175755082393,0.0741144302500318
"WST",10,"kappa_0.3","app_sparse_hetero",7,"WST_heteroSparse",2.96291897812002,"BALANCED",1241,16,51,0,0,0,10,7,FALSE,-0.239544748432643,0.216054340215083,-0.253800828918426,0.200847471034912,-0.335357598501859,0.126118072277464,0.014256080485783,0.0958128500692155,0.0815567695834325
"WST",10,"kappa_0.3","app_sparse_hetero",7,"WST_heteroSparse",2.96291897812002,"BALANCED",1242,17,51,0,0,0,5,7,FALSE,-0.379941669568482,0.415061389851924,-0.350995524401225,0.0986330424138294,-0.436050298253793,0.161441893036801,-0.0289461451672572,0.056108628685311,0.0850547738525682
"WST",10,"kappa_0.3","app_sparse_hetero",7,"WST_heteroSparse",2.96291897812002,"BALANCED",1243,18,51,0,0,0,9,7,FALSE,-0.417997354382494,0.191164226158934,-0.527256324085521,0.155879805999899,-0.29937218939646,0.145474559137139,0.109258969703028,-0.118625164986033,-0.227884134689061
"WST",10,"kappa_0.3","app_sparse_hetero",7,"WST_heteroSparse",2.96291897812002,"BALANCED",1244,19,51,0,0,0,8,7,FALSE,-0.416734504826439,0.355921203124848,-0.363597474057225,0.110495168879379,-0.321786496895703,0.0826615980469546,-0.0531370307692143,-0.0949480079307365,-0.0418109771615223
"WST",10,"kappa_0.3","app_sparse_hetero",7,"WST_heteroSparse",2.96291897812002,"BALANCED",1245,20,51,0,0,0,1,7,FALSE,-0.542738983315783,0.325216036999809,-0.506590345376329,0.0906021770268636,-0.552587226818198,-0.00377359239182785,-0.036148637939454,0.00984824350241453,0.0459968814418685
"WST",10,"kappa_0.3","app_sparse_hetero",7,"WST_heteroSparse",2.96291897812002,"BALANCED",1246,21,51,0,0,0,1,7,FALSE,-0.525207309882361,0.250396077211242,-0.495698177343945,0.110044526169225,-0.560787616872064,0.0524888195276447,-0.0295091325384158,0.0355803069897034,0.0650894395281192
"WST",10,"kappa_0.3","app_sparse_hetero",7,"WST_heteroSparse",2.96291897812002,"BALANCED",1247,22,51,2,1,3,7,7,TRUE,-7.5755538413603,0.560218165356982,-8.12110165748282,0.62017690455224,-8.61106890918084,0.679604849633319,0.545547816122523,1.03551506782054,0.489967251698014
"WST",10,"kappa_0.3","app_sparse_hetero",7,"WST_heteroSparse",2.96291897812002,"BALANCED",1248,23,51,0,0,0,5,7,FALSE,-0.329259679299315,0.0621523223642578,-0.300304696614592,0.210613748042881,-0.375463704944459,0.0126976053458029,-0.0289549826847226,0.0462040256451441,0.0751590083298668
"WST",10,"kappa_0.3","app_sparse_hetero",7,"WST_heteroSparse",2.96291897812002,"BALANCED",1249,24,51,0,0,0,1,7,FALSE,-0.60445497331297,0.371972891838851,-0.573334112514391,0.091240933342027,-0.631785122944756,0.110135522777172,-0.0311208607985796,0.0273301496317861,0.0584510104303657
"WST",10,"kappa_0.3","app_sparse_hetero",7,"WST_heteroSparse",2.96291897812002,"BALANCED",1250,25,51,0,0,0,10,7,FALSE,-0.176442279790508,0.431611692904787,-0.16778225250121,0.343495928049484,-0.196771670490739,0.269763516769875,-0.00866002728929782,0.0203293907002307,0.0289894179895285
"WST",10,"kappa_0.3","app_sparse_hetero",7,"WST_heteroSparse",2.96291897812002,"BALANCED",1251,26,51,0,0,0,2,7,FALSE,-0.483323669854062,0.179256616029336,-0.517301902144473,0.13019273856268,-0.513170893733275,0.0905870785898382,0.0339782322904103,0.0298472238792122,-0.00413100841119807
"WST",10,"kappa_0.3","app_sparse_hetero",7,"WST_heteroSparse",2.96291897812002,"BALANCED",1252,27,51,0,0,0,2,7,FALSE,-0.330977534437211,0.157174158326565,-0.352169052989079,-0.0365372889954822,-0.34638906051731,0.189275288262059,0.0211915185518681,0.0154115260800989,-0.00577999247176919
"WST",10,"kappa_0.3","app_sparse_hetero",7,"WST_heteroSparse",2.96291897812002,"BALANCED",1253,28,51,0,0,0,6,7,FALSE,-0.334084018318116,0.0764333828144048,-0.321204930655774,0.103273140030826,-0.277105308587539,0.434726020375284,-0.0128790876623421,-0.0569787097305765,-0.0440996220682344
"WST",10,"kappa_0.3","app_sparse_hetero",7,"WST_heteroSparse",2.96291897812002,"BALANCED",1254,29,51,0,0,0,7,7,TRUE,-0.332334949394876,0.266500436906311,-0.31375271948547,0.331299309325582,-0.267071358267573,0.279558495405196,-0.0185822299094056,-0.0652635911273034,-0.0466813612178978
"WST",10,"kappa_0.3","app_sparse_hetero",7,"WST_heteroSparse",2.96291897812002,"BALANCED",1255,30,51,0,2,2,8,7,FALSE,-3.78231360320469,0.292704013499795,-3.76741645969625,0.416278993578878,-4.18766767211835,0.327199810847732,-0.0148971435084446,0.405354068913657,0.420251212422102
"WST",10,"kappa_0.3","app_sparse_hetero",7,"WST_heteroSparse",2.96291897812002,"BALANCED",1256,31,51,0,0,0,7,7,TRUE,-0.434373057218277,0.321651770146516,-0.374955607123383,0.103835998165882,-0.367403351430249,0.0577819627710798,-0.0594174500948945,-0.0669697057880283,-0.00755225569313378
"WST",10,"kappa_0.3","app_sparse_hetero",7,"WST_heteroSparse",2.96291897812002,"BALANCED",1257,32,51,0,0,0,4,7,FALSE,-0.377750476663057,0.0669569015442633,-0.347537816350544,0.308171889593147,-0.429113213804333,0.14246955142862,-0.0302126603125128,0.0513627371412753,0.0815753974537881
"WST",10,"kappa_0.3","app_sparse_hetero",7,"WST_heteroSparse",2.96291897812002,"BALANCED",1258,33,51,0,0,0,4,7,FALSE,-0.3871567060539,0.169911213272982,-0.357798212554832,0.182988850180372,-0.436673024411284,0.0219468669557439,-0.0293584934990676,0.0495163183573846,0.0788748118564522
"WST",10,"kappa_0.3","app_sparse_hetero",7,"WST_heteroSparse",2.96291897812002,"BALANCED",1259,34,51,0,0,0,6,7,FALSE,-0.374195676218554,0.356258262404777,-0.338101767412418,0.280749693168083,-0.280601210230233,0.281177322406761,-0.0360939088061363,-0.0935944659883212,-0.0575005571821849
"WST",10,"kappa_0.3","app_sparse_hetero",7,"WST_heteroSparse",2.96291897812002,"BALANCED",1260,35,51,0,0,0,3,7,FALSE,-0.606219516321487,0.010058313183415,-0.599033912486653,0.278413871145393,-0.538458480742248,0.028805647949293,-0.00718560383483435,-0.0677610355792391,-0.0605754317444047
"WST",10,"kappa_0.3","app_sparse_hetero",7,"WST_heteroSparse",2.96291897812002,"BALANCED",1261,36,51,0,0,0,5,7,FALSE,-0.228245762961858,0.0592259788178389,-0.204056588335509,0.257321839975014,-0.261674601962781,0.00397966657732994,-0.0241891746263487,0.0334288390009236,0.0576180136272724
"WST",10,"kappa_0.3","app_sparse_hetero",7,"WST_heteroSparse",2.96291897812002,"BALANCED",1262,37,51,1,0,1,7,7,TRUE,-1.89241506213094,0.282563877869456,-1.75644691372826,0.111911972841035,-2.18194346496116,0.00700959016340283,-0.135968148402689,0.289528402830213,0.425496551232903
"WST",10,"kappa_0.3","app_sparse_hetero",7,"WST_heteroSparse",2.96291897812002,"BALANCED",1263,38,51,0,0,0,9,7,FALSE,-0.420730056025199,0.282839738740445,-0.552338874721341,0.243425467767227,-0.300377468156666,0.222381553528832,0.131608818696143,-0.120352587868532,-0.251961406564675
"WST",10,"kappa_0.3","app_sparse_hetero",7,"WST_heteroSparse",2.96291897812002,"BALANCED",1264,39,51,0,0,0,8,7,FALSE,-0.176324959164984,0.429640904312386,-0.176158229556379,0.300323692693904,-0.213281643703389,0.724595565125095,-0.000166729608604754,0.0369566845384046,0.0371234141470094
"WST",10,"kappa_0.3","app_sparse_hetero",7,"WST_heteroSparse",2.96291897812002,"BALANCED",1265,40,51,0,1,1,10,7,FALSE,-1.90833108201025,0.630464252442383,-1.74910120354145,0.272985282666423,-1.61290789349091,0.37896299013386,-0.159229878468795,-0.295423188519337,-0.136193310050542
"WST",10,"kappa_0.3","app_sparse_hetero",7,"WST_heteroSparse",2.96291897812002,"BALANCED",1266,41,51,0,0,0,6,7,FALSE,-0.400846884411615,0.0713547745200052,-0.369539065073916,0.420875261313659,-0.303174378398539,0.129347984217463,-0.031307819337699,-0.0976725060130752,-0.0663646866753762
"WST",10,"kappa_0.3","app_sparse_hetero",7,"WST_heteroSparse",2.96291897812002,"BALANCED",1267,42,51,1,0,1,1,7,FALSE,-1.39174256207781,-0.0676592054776802,-1.29287683338371,0.192810807589043,-1.3246186293128,0.16033361430889,-0.0988657286940953,-0.0671239327650062,0.0317417959290891
"WST",10,"kappa_0.3","app_sparse_hetero",7,"WST_heteroSparse",2.96291897812002,"BALANCED",1268,43,51,1,0,1,4,7,FALSE,-1.65527285801377,0.328034270166042,-1.7408045018847,0.186474775580348,-1.49314582335313,0.190350968763096,0.0855316438709375,-0.162127034660638,-0.247658678531575
"WST",10,"kappa_0.3","app_sparse_hetero",7,"WST_heteroSparse",2.96291897812002,"BALANCED",1269,44,51,0,0,0,9,7,FALSE,-0.547715466539399,0.115779788112239,-0.761223435204565,0.267885027666493,-0.400009022354641,0.00918707250628574,0.213507968665166,-0.147706444184759,-0.361214412849924
"WST",10,"kappa_0.3","app_sparse_hetero",7,"WST_heteroSparse",2.96291897812002,"BALANCED",1270,45,51,0,0,0,2,7,FALSE,-0.444441139974611,0.196776819228783,-0.45399731146148,0.174763434305198,-0.463455619329325,-0.0737076848818562,0.00955617148686905,0.0190144793547145,0.00945830786784541
"WST",10,"kappa_0.3","app_sparse_hetero",7,"WST_heteroSparse",2.96291897812002,"BALANCED",1271,46,51,0,0,0,6,7,FALSE,-0.230079706966642,0.398996642149471,-0.197674361152491,0.162580671356696,-0.244666569552544,0.567258823415892,-0.0324053458141504,0.0145868625859027,0.0469922084000531
"WST",10,"kappa_0.3","app_sparse_hetero",7,"WST_heteroSparse",2.96291897812002,"BALANCED",1272,47,51,0,1,1,10,7,FALSE,-2.45605090745386,0.51182884917752,-2.22800228840336,0.544311000164414,-2.11163539159002,0.827943142245022,-0.228048619050494,-0.344415515863835,-0.116366896813341
"WST",10,"kappa_0.3","app_sparse_hetero",7,"WST_heteroSparse",2.96291897812002,"BALANCED",1273,48,51,0,0,0,4,7,FALSE,-0.428210490317848,0.215813043187828,-0.381139913006176,0.0682055707299111,-0.468696175590234,0.0337254070822561,-0.047070577311672,0.0404856852723867,0.0875562625840587
"WST",10,"kappa_0.3","app_sparse_hetero",7,"WST_heteroSparse",2.96291897812002,"BALANCED",1274,49,51,0,0,0,10,7,FALSE,-0.208776122808347,0.0411843094732682,-0.190426788096952,0.0853674837464351,-0.261302441848941,-0.00288205759113439,-0.0183493347113952,0.0525263190405942,0.0708756537519895
"WST",10,"kappa_0.3","app_sparse_hetero",7,"WST_heteroSparse",2.96291897812002,"BALANCED",1275,50,51,0,0,0,8,7,FALSE,-0.333044393890752,-0.0189388776051944,-0.292346961599852,0.530108726929042,-0.305946282332316,0.221505632297659,-0.0406974322909006,-0.0270981115584359,0.0135993207324647
"WST",10,"kappa_0.3","app_sparse_hetero",7,"WST_heteroSparse",2.96291897812002,"BALANCED",1276,1,52,0,0,0,2,10,FALSE,-0.244647233507761,-0.12832217633002,-0.243089160521279,0.103700968840342,-0.264707049734842,0.0641244685917475,-0.00155807298648192,0.0200598162270804,0.0216178892135623
"WST",10,"kappa_0.3","app_sparse_hetero",7,"WST_heteroSparse",2.96291897812002,"BALANCED",1277,2,52,0,0,0,9,10,FALSE,-0.218862715253676,0.35861365461665,-0.31522530249789,-0.0912237832421754,-0.455705370565934,0.244937952622651,0.0963625872442142,0.236842655312258,0.140480068068044
"WST",10,"kappa_0.3","app_sparse_hetero",7,"WST_heteroSparse",2.96291897812002,"BALANCED",1278,3,52,0,0,0,1,10,FALSE,-0.225132395534292,0.119597100231169,-0.222052568701145,-0.0936629159816238,-0.270975936006713,0.228017835394267,-0.00307982683314645,0.0458435404724211,0.0489233673055676
"WST",10,"kappa_0.3","app_sparse_hetero",7,"WST_heteroSparse",2.96291897812002,"BALANCED",1279,4,52,0,0,0,8,10,FALSE,-0.144294001765795,0.165805599259505,-0.128363777444106,0.160860413013228,-0.230245240115592,0.00640915205513373,-0.0159302243216892,0.0859512383497973,0.101881462671487
"WST",10,"kappa_0.3","app_sparse_hetero",7,"WST_heteroSparse",2.96291897812002,"BALANCED",1280,5,52,0,0,0,7,10,FALSE,-0.18019530377735,0.0885930397253886,-0.161949237346089,0.147746004363835,-0.217766576078204,0.428384527600748,-0.0182460664312609,0.0375712723008537,0.0558173387321146
"WST",10,"kappa_0.3","app_sparse_hetero",7,"WST_heteroSparse",2.96291897812002,"BALANCED",1281,6,52,1,0,1,4,10,FALSE,-1.36311411855613,0.361615051265755,-1.43372303879336,0.439162941259086,-1.65566767162243,0.177863273195966,0.0706089202372295,0.292553553066302,0.221944632829072
"WST",10,"kappa_0.3","app_sparse_hetero",7,"WST_heteroSparse",2.96291897812002,"BALANCED",1282,7,52,0,0,0,6,10,FALSE,-0.199464766075977,0.556951271161523,-0.180922243073665,0.248810117485628,-0.19014512591867,0.0535537193710192,-0.0185425230023117,-0.00931964015730635,0.00922288284500539
"WST",10,"kappa_0.3","app_sparse_hetero",7,"WST_heteroSparse",2.96291897812002,"BALANCED",1283,8,52,0,0,0,9,10,FALSE,-0.131761317429758,0.154707910888076,-0.195474702153698,0.0820869149674963,-0.28748886956927,0.399574669026611,0.0637133847239397,0.155727552139512,0.0920141674155719
"WST",10,"kappa_0.3","app_sparse_hetero",7,"WST_heteroSparse",2.96291897812002,"BALANCED",1284,9,52,0,0,0,3,10,FALSE,-0.455278934330244,-0.224205474307889,-0.410974413119272,0.0346582701126269,-0.317851886142084,0.184569518846713,-0.0443045212109725,-0.13742704818816,-0.0931225269771874
"WST",10,"kappa_0.3","app_sparse_hetero",7,"WST_heteroSparse",2.96291897812002,"BALANCED",1285,10,52,0,0,0,3,10,FALSE,-0.471670272640398,0.0973115141334416,-0.432400762873719,0.079446890884368,-0.333431361061943,0.141313728675075,-0.0392695097666786,-0.138238911578455,-0.0989694018117762
"WST",10,"kappa_0.3","app_sparse_hetero",7,"WST_heteroSparse",2.96291897812002,"BALANCED",1286,11,52,1,0,1,9,10,FALSE,-2.61278795962533,0.459943350545797,-3.06309461256934,0.166968570652909,-2.17468404185937,0.612469860848441,0.450306652944009,-0.438103917765961,-0.888410570709969
"WST",10,"kappa_0.3","app_sparse_hetero",7,"WST_heteroSparse",2.96291897812002,"BALANCED",1287,12,52,0,0,0,6,10,FALSE,-0.177461567512067,0.124826181314128,-0.150636079146151,0.0441097318854323,-0.176551924225634,0.152471445436248,-0.0268254883659154,-0.00090964328643306,0.0259158450794823
"WST",10,"kappa_0.3","app_sparse_hetero",7,"WST_heteroSparse",2.96291897812002,"BALANCED",1288,13,52,0,0,0,7,10,FALSE,-0.12629962651815,0.18143970406345,-0.114289645886976,0.231984181412006,-0.185233827901731,0.331606843958175,-0.0120099806311735,0.0589342013835816,0.0709441820147552
"WST",10,"kappa_0.3","app_sparse_hetero",7,"WST_heteroSparse",2.96291897812002,"BALANCED",1289,14,52,0,0,0,1,10,FALSE,-0.238884849965343,0.16568720888589,-0.247683269875454,0.241681297266178,-0.299778344805588,0.155905014807936,0.00879841991011077,0.0608934948402453,0.0520950749301345
"WST",10,"kappa_0.3","app_sparse_hetero",7,"WST_heteroSparse",2.96291897812002,"BALANCED",1290,15,52,1,0,1,5,10,FALSE,-1.61645176014576,0.270321269760439,-1.68922885628066,0.189898821717512,-1.96758148386231,-0.199707374769634,0.0727770961349021,0.351129723716554,0.278352627581651
"WST",10,"kappa_0.3","app_sparse_hetero",7,"WST_heteroSparse",2.96291897812002,"BALANCED",1291,16,52,0,0,0,10,10,TRUE,-0.200146589498699,0.305630647384294,-0.258993459699151,0.434991544189245,-0.351625200394417,0.188833416489513,0.0588468702004521,0.151478610895718,0.0926317406952659
"WST",10,"kappa_0.3","app_sparse_hetero",7,"WST_heteroSparse",2.96291897812002,"BALANCED",1292,17,52,0,0,0,5,10,FALSE,-0.387212508992641,0.0917678997798507,-0.383628829566158,0.147610143699344,-0.234665140596634,0.156600852437882,-0.00358367942648297,-0.152547368396006,-0.148963688969523
"WST",10,"kappa_0.3","app_sparse_hetero",7,"WST_heteroSparse",2.96291897812002,"BALANCED",1293,18,52,0,0,0,9,10,FALSE,-0.156330923285218,0.422841449365159,-0.222454971741278,0.259931781750944,-0.327355006677199,-0.144035537453546,0.0661240484560599,0.171024083391981,0.104900034935921
"WST",10,"kappa_0.3","app_sparse_hetero",7,"WST_heteroSparse",2.96291897812002,"BALANCED",1294,19,52,0,0,0,8,10,FALSE,-0.212813947936767,0.122815001028892,-0.177246199913826,0.240403154554531,-0.210711369668133,0.252585939178656,-0.0355677480229408,-0.00210257826863369,0.0334651697543071
"WST",10,"kappa_0.3","app_sparse_hetero",7,"WST_heteroSparse",2.96291897812002,"BALANCED",1295,20,52,0,0,0,1,10,FALSE,-0.259082839240586,0.356309373853668,-0.26531685163287,0.0522180469224945,-0.325689703801364,0.0868511858814763,0.0062340123922846,0.0666068645607787,0.0603728521684941
"WST",10,"kappa_0.3","app_sparse_hetero",7,"WST_heteroSparse",2.96291897812002,"BALANCED",1296,21,52,0,0,0,1,10,FALSE,-0.296002831073455,0.179936084838121,-0.277056872816249,0.265497779186609,-0.32597952447073,0.255985692547868,-0.0189459582572056,0.0299766933972752,0.0489226516544807
"WST",10,"kappa_0.3","app_sparse_hetero",7,"WST_heteroSparse",2.96291897812002,"BALANCED",1297,22,52,0,0,0,7,10,FALSE,-0.154379621401996,0.237355503998538,-0.16103165118676,0.162397717171005,-0.172441814929883,0.216149984874899,0.00665202978476387,0.0180621935278866,0.0114101637431228
"WST",10,"kappa_0.3","app_sparse_hetero",7,"WST_heteroSparse",2.96291897812002,"BALANCED",1298,23,52,0,0,0,5,10,FALSE,-0.329487650939943,-0.0212465611584891,-0.321702704733876,0.309644044329891,-0.201257633263844,0.0900724233074951,-0.00778494620606729,-0.128230017676099,-0.120445071470032
"WST",10,"kappa_0.3","app_sparse_hetero",7,"WST_heteroSparse",2.96291897812002,"BALANCED",1299,24,52,0,0,0,1,10,FALSE,-0.290587909108527,0.158656668935442,-0.305364102564281,0.19338563248249,-0.372207276198028,0.241910918051607,0.014776193455754,0.0816193670895018,0.0668431736337478
"WST",10,"kappa_0.3","app_sparse_hetero",7,"WST_heteroSparse",2.96291897812002,"BALANCED",1300,25,52,0,0,0,10,10,TRUE,-0.11402821060948,0.29963941427658,-0.118485344111462,0.3857851845075,-0.154177256250436,0.0394619109375385,0.0044571335019814,0.0401490456409554,0.035691912138974
"WST",10,"kappa_0.3","app_sparse_hetero",7,"WST_heteroSparse",2.96291897812002,"BALANCED",1301,26,52,0,0,0,2,10,FALSE,-0.44155546143882,0.0608283294204186,-0.436917862731847,0.151481507558882,-0.359811392871696,0.0332217069195441,-0.00463759870697267,-0.081744068567124,-0.0771064698601513
"WST",10,"kappa_0.3","app_sparse_hetero",7,"WST_heteroSparse",2.96291897812002,"BALANCED",1302,27,52,0,0,0,2,10,FALSE,-0.301936126042778,0.187318990154075,-0.299978463289674,0.237590948757572,-0.242533034012778,0.244168992289751,-0.00195766275310305,-0.0594030920299993,-0.0574454292768962
"WST",10,"kappa_0.3","app_sparse_hetero",7,"WST_heteroSparse",2.96291897812002,"BALANCED",1303,28,52,0,0,0,6,10,FALSE,-0.180002845022181,0.33159210473753,-0.171423656560489,0.288975681709798,-0.171577439112052,0.100351566108696,-0.0085791884616917,-0.00842540591012941,0.000153782551562287
"WST",10,"kappa_0.3","app_sparse_hetero",7,"WST_heteroSparse",2.96291897812002,"BALANCED",1304,29,52,0,0,0,7,10,FALSE,-0.146929192037015,0.0545167836004818,-0.146368377770387,0.0731139798759127,-0.173661194735429,0.0678811541805784,-0.000560814266627574,0.0267320026984139,0.0272928169650415
"WST",10,"kappa_0.3","app_sparse_hetero",7,"WST_heteroSparse",2.96291897812002,"BALANCED",1305,30,52,1,0,1,8,10,FALSE,-2.76074872124237,0.654905800603415,-3.14068793391252,0.120210485865338,-2.26351080974986,0.583108442219953,0.379939212670157,-0.497237911492507,-0.877177124162664
"WST",10,"kappa_0.3","app_sparse_hetero",7,"WST_heteroSparse",2.96291897812002,"BALANCED",1306,31,52,0,0,0,7,10,FALSE,-0.215404690552745,0.278430400755058,-0.251525195401254,0.275756570933403,-0.21825792243037,0.0569136264061531,0.0361205048485091,0.00285323187762465,-0.0332672729708845
"WST",10,"kappa_0.3","app_sparse_hetero",7,"WST_heteroSparse",2.96291897812002,"BALANCED",1307,32,52,1,0,1,4,10,FALSE,-1.49688703158519,0.274762507770061,-1.57269639283392,0.236469559818379,-1.84534038367014,0.11857907076528,0.0758093612487292,0.348453352084952,0.272643990836223
"WST",10,"kappa_0.3","app_sparse_hetero",7,"WST_heteroSparse",2.96291897812002,"BALANCED",1308,33,52,1,0,1,4,10,FALSE,-1.51831611326618,0.218967060481608,-1.57568201101216,0.438421034206218,-1.83266077994049,0.169935792676585,0.0573658977459788,0.314344666674304,0.256978768928326
"WST",10,"kappa_0.3","app_sparse_hetero",7,"WST_heteroSparse",2.96291897812002,"BALANCED",1309,34,52,1,0,1,6,10,FALSE,-2.33040663651578,0.516229062951056,-2.31524853247969,0.612071755238001,-2.09484127369861,0.0767141481079732,-0.0151581040360851,-0.235565362817169,-0.220407258781083
"WST",10,"kappa_0.3","app_sparse_hetero",7,"WST_heteroSparse",2.96291897812002,"BALANCED",1310,35,52,1,0,1,3,10,FALSE,-1.27778397177227,0.0643451612770472,-1.34808969378743,0.311148048389012,-1.47699538507483,-0.0646613114494269,0.0703057220151626,0.199211413302563,0.1289056912874
"WST",10,"kappa_0.3","app_sparse_hetero",7,"WST_heteroSparse",2.96291897812002,"BALANCED",1311,36,52,0,0,0,5,10,FALSE,-0.223584154320886,0.0798481498516937,-0.221222451757738,0.12152287355113,-0.142428939981279,0.116250498517342,-0.00236170256314772,-0.0811552143396064,-0.0787935117764587
"WST",10,"kappa_0.3","app_sparse_hetero",7,"WST_heteroSparse",2.96291897812002,"BALANCED",1312,37,52,2,0,2,7,10,FALSE,-5.04743268879068,0.285986360938995,-5.28825989544534,0.621856183516701,-4.75295886237077,0.370451281654883,0.240827206654661,-0.294473826419904,-0.535301033074565
"WST",10,"kappa_0.3","app_sparse_hetero",7,"WST_heteroSparse",2.96291897812002,"BALANCED",1313,38,52,0,0,0,9,10,FALSE,-0.153510229092182,0.277827940283877,-0.225539246937768,0.0570785148931042,-0.326431004059557,0.0826613161447296,0.072029017845586,0.172920774967374,0.100891757121788
"WST",10,"kappa_0.3","app_sparse_hetero",7,"WST_heteroSparse",2.96291897812002,"BALANCED",1314,39,52,0,0,0,8,10,FALSE,-0.105874613872087,0.236489753123226,-0.0943187932242822,0.3223796845182,-0.157378793079347,0.400033659911569,-0.0115558206478052,0.0515041792072592,0.0630599998550645
"WST",10,"kappa_0.3","app_sparse_hetero",7,"WST_heteroSparse",2.96291897812002,"BALANCED",1315,40,52,0,3,3,10,10,TRUE,-10.0525087572569,0.642833173620365,-8.64080499462706,0.84842465148149,-7.39330839609406,0.370819016759763,-1.41170376262984,-2.65920036116284,-1.24749659853301
"WST",10,"kappa_0.3","app_sparse_hetero",7,"WST_heteroSparse",2.96291897812002,"BALANCED",1316,41,52,0,0,0,6,10,FALSE,-0.180634876034782,0.192395803453789,-0.183597138485327,0.216624000154767,-0.187445351515538,0.119152835916705,0.00296226245054498,0.00681047548075586,0.00384821303021088
"WST",10,"kappa_0.3","app_sparse_hetero",7,"WST_heteroSparse",2.96291897812002,"BALANCED",1317,42,52,0,0,0,1,10,FALSE,-0.283248692953552,0.11119063215988,-0.287936085540076,0.00857798710601129,-0.355343650004633,0.150685582445184,0.00468739258652384,0.0720949570510809,0.0674075644645571
"WST",10,"kappa_0.3","app_sparse_hetero",7,"WST_heteroSparse",2.96291897812002,"BALANCED",1318,43,52,0,0,0,4,10,FALSE,-0.363539261950265,0.220482742084557,-0.351163795928331,0.156367096900841,-0.214522988033446,0.171032095460726,-0.0123754660219344,-0.14901627391682,-0.136640807894885
"WST",10,"kappa_0.3","app_sparse_hetero",7,"WST_heteroSparse",2.96291897812002,"BALANCED",1319,44,52,0,0,0,9,10,FALSE,-0.190247647093075,0.434691021653005,-0.302382509256389,0.167000006480996,-0.43402654128321,0.00274335885930059,0.112134862163313,0.243778894190134,0.131644032026821
"WST",10,"kappa_0.3","app_sparse_hetero",7,"WST_heteroSparse",2.96291897812002,"BALANCED",1320,45,52,0,0,0,2,10,FALSE,-0.408150000734538,0.211473723224181,-0.412246269434007,0.149810889044714,-0.308912477475719,-0.0587814277174318,0.00409626869946944,-0.099237523258819,-0.103333791958288
"WST",10,"kappa_0.3","app_sparse_hetero",7,"WST_heteroSparse",2.96291897812002,"BALANCED",1321,46,52,0,0,0,6,10,FALSE,-0.187389846813483,0.0587005926523038,-0.195771715677664,0.00160334168799453,-0.133736680985158,0.533839594661264,0.00838186886418146,-0.053653165828325,-0.0620350346925065
"WST",10,"kappa_0.3","app_sparse_hetero",7,"WST_heteroSparse",2.96291897812002,"BALANCED",1322,47,52,0,0,0,10,10,TRUE,-0.143973353834866,-0.0604977081606367,-0.301898563489517,0.474391568760913,-0.266395449700181,0.39214772495832,0.157925209654651,0.122422095865315,-0.0355031137893356
"WST",10,"kappa_0.3","app_sparse_hetero",7,"WST_heteroSparse",2.96291897812002,"BALANCED",1323,48,52,1,0,1,4,10,FALSE,-1.47712204030154,0.39294459718423,-1.51950272527856,0.229577797196,-1.76544820593893,0.208323045754021,0.0423806849770179,0.288326165637389,0.245945480660371
"WST",10,"kappa_0.3","app_sparse_hetero",7,"WST_heteroSparse",2.96291897812002,"BALANCED",1324,49,52,0,0,0,10,10,TRUE,-0.176127689875036,0.36254601042559,-0.249439252306112,0.267744163996274,-0.203515367199549,0.0909249843582832,0.0733115624310754,0.027387677324513,-0.0459238851065624
"WST",10,"kappa_0.3","app_sparse_hetero",7,"WST_heteroSparse",2.96291897812002,"BALANCED",1325,50,52,0,0,0,8,10,FALSE,-0.154232738311246,0.119647711658237,-0.136210744397651,0.314661052062864,-0.2002455659644,0.126703762486559,-0.018021993913595,0.0460128276531542,0.0640348215667492
"WST",10,"kappa_0.3","app_sparse_hetero",7,"WST_heteroSparse",2.96291897812002,"BALANCED",1326,51,52,0,0,0,7,10,FALSE,-0.210906664376191,0.30644070881499,-0.278353540766592,0.260037483463492,-0.307917490922025,0.0288037339844696,0.0674468763904015,0.0970108265458336,0.0295639501554321
"WST",10,"kappa_0.3","app_sparse_hetero",7,"WST_heteroSparse",2.96291897812002,"BALANCED",1327,1,53,0,0,0,2,3,FALSE,-0.150535838455847,0.289183660742005,-0.139000361586918,0.286398086646602,-0.138501410029943,0.258650275507658,-0.0115354768689286,-0.0120344284259035,-0.00049895155697488
"WST",10,"kappa_0.3","app_sparse_hetero",7,"WST_heteroSparse",2.96291897812002,"BALANCED",1328,2,53,0,0,0,9,3,FALSE,-0.199820700814518,0.129880492877601,-0.211668675760524,0.151456163486047,-0.275212815959377,0.255356188718764,0.0118479749460052,0.0753921151448589,0.0635441401988537
"WST",10,"kappa_0.3","app_sparse_hetero",7,"WST_heteroSparse",2.96291897812002,"BALANCED",1329,3,53,0,0,0,1,3,FALSE,-0.16935050301509,0.310127759203287,-0.160276955800042,0.423599448210594,-0.153952358608726,0.318114365446567,-0.00907354721504738,-0.0153981444063636,-0.00632459719131617
"WST",10,"kappa_0.3","app_sparse_hetero",7,"WST_heteroSparse",2.96291897812002,"BALANCED",1330,4,53,0,0,0,8,3,FALSE,-0.258469957343219,0.253961736785841,-0.286441348526749,0.111440929704556,-0.236512265770179,0.177836001846258,0.02797139118353,-0.0219576915730402,-0.0499290827565702
"WST",10,"kappa_0.3","app_sparse_hetero",7,"WST_heteroSparse",2.96291897812002,"BALANCED",1331,5,53,0,2,2,7,3,FALSE,-4.2849100504033,0.21754783036839,-4.24562273644204,0.471780935002431,-4.14172894184459,0.42879172323336,-0.0392873139612542,-0.143181108558706,-0.103893794597452
"WST",10,"kappa_0.3","app_sparse_hetero",7,"WST_heteroSparse",2.96291897812002,"BALANCED",1332,6,53,0,1,1,4,3,FALSE,-1.40078581886534,0.320681603427531,-1.37445285892356,0.23182336366908,-1.37245143810786,0.202517449808512,-0.0263329599417856,-0.0283343807574807,-0.0020014208156951
"WST",10,"kappa_0.3","app_sparse_hetero",7,"WST_heteroSparse",2.96291897812002,"BALANCED",1333,7,53,0,0,0,6,3,FALSE,-0.192753228846436,-0.026356275365831,-0.173415837660229,0.114899396626467,-0.238038632691778,0.484677784227468,-0.0193373911862071,0.0452854038453419,0.064622795031549
"WST",10,"kappa_0.3","app_sparse_hetero",7,"WST_heteroSparse",2.96291897812002,"BALANCED",1334,8,53,0,0,0,9,3,FALSE,-0.128174393868822,0.153472323031902,-0.135596661905081,0.121479643127621,-0.172350083327868,0.301746068168148,0.007422268036259,0.0441756894590464,0.0367534214227874
"WST",10,"kappa_0.3","app_sparse_hetero",7,"WST_heteroSparse",2.96291897812002,"BALANCED",1335,9,53,0,0,0,3,3,TRUE,-0.148702838566917,0.0763453743478694,-0.147917424794376,0.136532633726822,-0.149174208127566,0.264001415994637,-0.000785413772541155,0.00047136956064886,0.00125678333319001
"WST",10,"kappa_0.3","app_sparse_hetero",7,"WST_heteroSparse",2.96291897812002,"BALANCED",1336,10,53,0,0,0,3,3,TRUE,-0.150010893040641,0.115069674486959,-0.148251915936296,0.0425420612232682,-0.156221203697445,0.329898041149779,-0.00175897710434558,0.00621031065680366,0.00796928776114925
"WST",10,"kappa_0.3","app_sparse_hetero",7,"WST_heteroSparse",2.96291897812002,"BALANCED",1337,11,53,0,0,0,9,3,FALSE,-0.164421560395689,0.0177064211351664,-0.180112875625485,0.0336797109998172,-0.230260389511701,0.0934818727469581,0.0156913152297964,0.0658388291160126,0.0501475138862162
"WST",10,"kappa_0.3","app_sparse_hetero",7,"WST_heteroSparse",2.96291897812002,"BALANCED",1338,12,53,0,0,0,6,3,FALSE,-0.23684921986776,0.166523371541601,-0.247039149132283,0.00487891785905792,-0.232437796892885,0.574784341581088,0.0101899292645227,-0.00441142297487485,-0.0146013522393975
"WST",10,"kappa_0.3","app_sparse_hetero",7,"WST_heteroSparse",2.96291897812002,"BALANCED",1339,13,53,0,0,0,7,3,FALSE,-0.227243609466884,0.246702469298793,-0.24589979799905,0.103584664417028,-0.214746148688626,0.529134943282365,0.0186561885321659,-0.012497460778258,-0.0311536493104239
"WST",10,"kappa_0.3","app_sparse_hetero",7,"WST_heteroSparse",2.96291897812002,"BALANCED",1340,14,53,0,0,0,1,3,FALSE,-0.200130386781117,0.234807730062436,-0.177873068755072,0.293861596235849,-0.18627574330729,0.383814124519707,-0.0222573180260452,-0.0138546434738274,0.00840267455221788
"WST",10,"kappa_0.3","app_sparse_hetero",7,"WST_heteroSparse",2.96291897812002,"BALANCED",1341,15,53,0,0,0,5,3,FALSE,-0.328557769171844,0.222501820168388,-0.322638984855839,0.363697312571284,-0.318122140629136,0.421993120830818,-0.00591878431600446,-0.0104356285427079,-0.0045168442267034
"WST",10,"kappa_0.3","app_sparse_hetero",7,"WST_heteroSparse",2.96291897812002,"BALANCED",1342,16,53,0,0,0,10,3,FALSE,-0.322464389341783,0.181706448130323,-0.330813988806049,0.329453636514117,-0.245620741927603,0.405292537087116,0.00834959946426572,-0.0768436474141803,-0.085193246878446
"WST",10,"kappa_0.3","app_sparse_hetero",7,"WST_heteroSparse",2.96291897812002,"BALANCED",1343,17,53,0,0,0,5,3,FALSE,-0.369468947402784,0.16009947535191,-0.373343282167713,0.201596658992969,-0.373549591216667,0.374312889024413,0.00387433476492927,0.00408064381388318,0.000206309048953912
"WST",10,"kappa_0.3","app_sparse_hetero",7,"WST_heteroSparse",2.96291897812002,"BALANCED",1344,18,53,0,0,0,9,3,FALSE,-0.139679220934213,0.0976690763128502,-0.15173387943444,0.31046667699038,-0.197228669403389,0.163338887237268,0.0120546585002268,0.0575494484691754,0.0454947899689486
"WST",10,"kappa_0.3","app_sparse_hetero",7,"WST_heteroSparse",2.96291897812002,"BALANCED",1345,19,53,0,2,2,8,3,FALSE,-4.18437400687372,0.164675681774663,-4.38241945818248,0.308992933891541,-4.10393906954081,0.141218695650042,0.198045451308754,-0.0804349373329112,-0.278480388641666
"WST",10,"kappa_0.3","app_sparse_hetero",7,"WST_heteroSparse",2.96291897812002,"BALANCED",1346,20,53,0,0,0,1,3,FALSE,-0.207209074884536,0.146326573939082,-0.194519113273281,0.290408065131485,-0.203225991203054,0.481774018563739,-0.0126899616112546,-0.00398308368148204,0.00870687792977254
"WST",10,"kappa_0.3","app_sparse_hetero",7,"WST_heteroSparse",2.96291897812002,"BALANCED",1347,21,53,0,0,0,1,3,FALSE,-0.197367512749428,0.142866785473311,-0.190179557623778,0.311645336154703,-0.201626659674035,0.390433992942888,-0.00718795512564974,0.00425914692460694,0.0114471020502567
"WST",10,"kappa_0.3","app_sparse_hetero",7,"WST_heteroSparse",2.96291897812002,"BALANCED",1348,22,53,0,0,0,7,3,FALSE,-0.17423840168725,0.204982253353896,-0.15656238544565,0.23710381072082,-0.199223107425249,0.309561950248448,-0.0176760162416008,0.0249847057379986,0.0426607219795994
"WST",10,"kappa_0.3","app_sparse_hetero",7,"WST_heteroSparse",2.96291897812002,"BALANCED",1349,23,53,0,0,0,5,3,FALSE,-0.323208559296958,0.0506107105406921,-0.317049898421677,0.0436065894932546,-0.318728214975285,0.413368587938807,-0.00615866087528172,-0.00448034432167344,0.00167831655360828
"WST",10,"kappa_0.3","app_sparse_hetero",7,"WST_heteroSparse",2.96291897812002,"BALANCED",1350,24,53,0,0,0,1,3,FALSE,-0.244486359695616,0.31172167121802,-0.220887265268473,0.384956913937403,-0.232077264212326,0.478223803236712,-0.0235990944271425,-0.0124090954832896,0.0111899989438529
"WST",10,"kappa_0.3","app_sparse_hetero",7,"WST_heteroSparse",2.96291897812002,"BALANCED",1351,25,53,0,1,1,10,3,FALSE,-2.02599386152887,0.00873941968558219,-1.98055574304248,0.23751815108396,-2.17904416551424,0.100276125610044,-0.0454381184863859,0.153050303985371,0.198488422471756
"WST",10,"kappa_0.3","app_sparse_hetero",7,"WST_heteroSparse",2.96291897812002,"BALANCED",1352,26,53,0,0,0,2,3,FALSE,-0.204487205383376,0.141966700637933,-0.18252619971779,0.241534921714025,-0.167731082499038,0.381385398943392,-0.0219610056655855,-0.0367561228843378,-0.0147951172187524
"WST",10,"kappa_0.3","app_sparse_hetero",7,"WST_heteroSparse",2.96291897812002,"BALANCED",1353,27,53,0,0,0,2,3,FALSE,-0.138315812988441,0.303879902445016,-0.121758213241073,0.242768513693025,-0.113445059423653,0.0984173403009051,-0.0165575997473679,-0.0248707535647874,-0.00831315381741948
"WST",10,"kappa_0.3","app_sparse_hetero",7,"WST_heteroSparse",2.96291897812002,"BALANCED",1354,28,53,0,0,0,6,3,FALSE,-0.173069535711393,0.115563817958604,-0.161070725428521,0.246242564079587,-0.215074436786895,0.397595434749851,-0.0119988102828721,0.0420049010755017,0.0540037113583738
"WST",10,"kappa_0.3","app_sparse_hetero",7,"WST_heteroSparse",2.96291897812002,"BALANCED",1355,29,53,0,0,0,7,3,FALSE,-0.195856860300493,0.016355423779286,-0.188792948508103,0.187088559164369,-0.212321142270606,0.48312927492829,-0.00706391179239052,0.0164642819701131,0.0235281937625036
"WST",10,"kappa_0.3","app_sparse_hetero",7,"WST_heteroSparse",2.96291897812002,"BALANCED",1356,30,53,0,0,0,8,3,FALSE,-0.148055847223341,0.0806195341602338,-0.162732394345761,0.2765502027231,-0.204178054478129,0.172319812965936,0.0146765471224208,0.0561222072547887,0.0414456601323678
"WST",10,"kappa_0.3","app_sparse_hetero",7,"WST_heteroSparse",2.96291897812002,"BALANCED",1357,31,53,0,0,0,7,3,FALSE,-0.220015135754023,0.0415777033346303,-0.267204830853232,0.111328823152967,-0.288116466079881,0.321015053011774,0.0471896950992088,0.0681013303258577,0.020911635226649
"WST",10,"kappa_0.3","app_sparse_hetero",7,"WST_heteroSparse",2.96291897812002,"BALANCED",1358,32,53,0,0,0,4,3,FALSE,-0.377802195441577,0.227824863557656,-0.374263724402255,0.00576502158655005,-0.362280740163577,0.298968361386601,-0.00353847103932203,-0.0155214552779999,-0.0119829842386778
"WST",10,"kappa_0.3","app_sparse_hetero",7,"WST_heteroSparse",2.96291897812002,"BALANCED",1359,33,53,0,2,2,4,3,FALSE,-3.62850420370565,0.578861021798535,-3.52145468435726,0.462692391300565,-3.47749671433677,0.0405659551314923,-0.107049519348393,-0.15100748936888,-0.0439579700204868
"WST",10,"kappa_0.3","app_sparse_hetero",7,"WST_heteroSparse",2.96291897812002,"BALANCED",1360,34,53,0,0,0,6,3,FALSE,-0.1974732362416,0.374361339950689,-0.163633192688397,-0.0128243489400674,-0.218205223020773,0.332266127178744,-0.0338400435532034,0.0207319867791727,0.054572030332376
"WST",10,"kappa_0.3","app_sparse_hetero",7,"WST_heteroSparse",2.96291897812002,"BALANCED",1361,35,53,0,0,0,3,3,TRUE,-0.176091434566042,0.224758317853743,-0.176339783793532,0.255059303210524,-0.177407388454389,0.522466138514922,0.000248349227489619,0.00131595388834693,0.00106760466085731
"WST",10,"kappa_0.3","app_sparse_hetero",7,"WST_heteroSparse",2.96291897812002,"BALANCED",1362,36,53,0,0,0,5,3,FALSE,-0.226736586253963,0.202022535603503,-0.221015709256434,0.206016082547977,-0.227824365610524,0.405474047023556,-0.00572087699752899,0.00108777935656157,0.00680865635409056
"WST",10,"kappa_0.3","app_sparse_hetero",7,"WST_heteroSparse",2.96291897812002,"BALANCED",1363,37,53,0,0,0,7,3,FALSE,-0.176054910912053,0.270160163904071,-0.162049577845192,0.0881547383426675,-0.217787816983421,0.403872764552904,-0.0140053330668612,0.0417329060713678,0.0557382391382291
"WST",10,"kappa_0.3","app_sparse_hetero",7,"WST_heteroSparse",2.96291897812002,"BALANCED",1364,38,53,0,0,0,9,3,FALSE,-0.13984055767594,0.104106856461004,-0.155929585504724,0.0229643799117453,-0.195722791407224,0.0291489084080671,0.0160890278287837,0.0558822337312836,0.0397932059024999
"WST",10,"kappa_0.3","app_sparse_hetero",7,"WST_heteroSparse",2.96291897812002,"BALANCED",1365,39,53,0,0,0,8,3,FALSE,-0.176399262653651,0.172468556969595,-0.172224978399088,0.211639796623502,-0.154874541625057,0.560549732198651,-0.0041742842545629,-0.0215247210285936,-0.0173504367740307
"WST",10,"kappa_0.3","app_sparse_hetero",7,"WST_heteroSparse",2.96291897812002,"BALANCED",1366,40,53,0,0,0,10,3,FALSE,-0.391440352934137,0.265434228330104,-0.348560847670881,0.118651841341651,-0.28692219932192,-0.0170036925701717,-0.0428795052632562,-0.104518153612217,-0.0616386483489606
"WST",10,"kappa_0.3","app_sparse_hetero",7,"WST_heteroSparse",2.96291897812002,"BALANCED",1367,41,53,0,0,0,6,3,FALSE,-0.211158397803016,0.15441391423538,-0.181791454186645,0.181881776846286,-0.239537478666586,0.486816377436154,-0.0293669436163713,0.0283790808635693,0.0577460244799406
"WST",10,"kappa_0.3","app_sparse_hetero",7,"WST_heteroSparse",2.96291897812002,"BALANCED",1368,42,53,1,0,1,1,3,FALSE,-2.04195737829609,0.122349755627489,-2.01333877555055,0.148625528892832,-1.97036520089108,0.27867193456675,-0.0286186027455404,-0.0715921774050106,-0.0429735746594702
"WST",10,"kappa_0.3","app_sparse_hetero",7,"WST_heteroSparse",2.96291897812002,"BALANCED",1369,43,53,0,0,0,4,3,FALSE,-0.350105583433649,0.20082344846992,-0.339047480955325,0.132154693343575,-0.33692125804443,0.221106112683552,-0.0110581024783238,-0.0131843253892194,-0.00212622291089559
"WST",10,"kappa_0.3","app_sparse_hetero",7,"WST_heteroSparse",2.96291897812002,"BALANCED",1370,44,53,0,0,0,9,3,FALSE,-0.212623293999749,0.211932356779231,-0.210030689047505,0.0916570640917317,-0.261912743099614,0.135513469935577,-0.00259260495224378,0.0492894490998657,0.0518820540521094
"WST",10,"kappa_0.3","app_sparse_hetero",7,"WST_heteroSparse",2.96291897812002,"BALANCED",1371,45,53,1,1,2,2,3,FALSE,-5.99971528052879,0.454888236814287,-5.85186205700239,0.604642096042484,-5.64790562659555,0.248011584927568,-0.147853223526394,-0.35180965393324,-0.203956430406846
"WST",10,"kappa_0.3","app_sparse_hetero",7,"WST_heteroSparse",2.96291897812002,"BALANCED",1372,46,53,0,1,1,6,3,FALSE,-2.05063002445048,0.23834281680199,-2.07654238672854,0.366978526679807,-2.03066093066549,0.00758350917731127,0.025912362278059,-0.0199690937849821,-0.0458814560630412
"WST",10,"kappa_0.3","app_sparse_hetero",7,"WST_heteroSparse",2.96291897812002,"BALANCED",1373,47,53,0,0,0,10,3,FALSE,-0.222500424050812,0.131677295823405,-0.198772086678209,0.215808963453145,-0.165178538350881,0.432982587525742,-0.0237283373726029,-0.0573218856999311,-0.0335935483273282
"WST",10,"kappa_0.3","app_sparse_hetero",7,"WST_heteroSparse",2.96291897812002,"BALANCED",1374,48,53,0,1,1,4,3,FALSE,-1.51358402003753,0.323927381216505,-1.49529096306386,0.374040903147228,-1.48138296375913,-0.0264851107952704,-0.0182930569736675,-0.0322010562783941,-0.0139079993047266
"WST",10,"kappa_0.3","app_sparse_hetero",7,"WST_heteroSparse",2.96291897812002,"BALANCED",1375,49,53,0,0,0,10,3,FALSE,-0.288130666349471,0.202123442945723,-0.283261961875459,0.0417824402458335,-0.224758468698691,0.499450669222027,-0.00486870447401255,-0.0633721976507804,-0.0585034931767678
"WST",10,"kappa_0.3","app_sparse_hetero",7,"WST_heteroSparse",2.96291897812002,"BALANCED",1376,50,53,0,0,0,8,3,FALSE,-0.316725148112709,0.132322394344365,-0.323116474125336,0.12963008750854,-0.255366670481258,0.455122146616666,0.00639132601262737,-0.0613584776314511,-0.0677498036440785
"WST",10,"kappa_0.3","app_sparse_hetero",7,"WST_heteroSparse",2.96291897812002,"BALANCED",1377,51,53,0,0,0,7,3,FALSE,-0.307840801183597,0.35603377281752,-0.300799838990762,0.263813425250716,-0.292120645881664,0.271463221488585,-0.00704096219283556,-0.015720155301933,-0.00867919310909748
"WST",10,"kappa_0.3","app_sparse_hetero",7,"WST_heteroSparse",2.96291897812002,"BALANCED",1378,52,53,0,0,0,10,3,FALSE,-0.28115166619522,0.0820480399159958,-0.253432857177273,0.127587745081095,-0.203060032823577,-0.0189662952185064,-0.027718809017947,-0.0780916333716437,-0.0503728243536967
"WST",10,"kappa_0.3","app_sparse_hetero",7,"WST_heteroSparse",2.96291897812002,"BALANCED",1379,1,54,0,0,0,2,5,FALSE,-0.283569507425961,0.317082070683212,-0.227761767357659,0.0539903821730829,-0.302515714807471,0.292407012554514,-0.0558077400683015,0.0189462073815099,0.0747539474498113
"WST",10,"kappa_0.3","app_sparse_hetero",7,"WST_heteroSparse",2.96291897812002,"BALANCED",1380,2,54,0,0,0,9,5,FALSE,-0.191831103360999,0.203607381910046,-0.198568836658314,0.0807265465922614,-0.293568301461992,0.0748503188612047,0.00673773329731464,0.101737198100992,0.0949994648036778
"WST",10,"kappa_0.3","app_sparse_hetero",7,"WST_heteroSparse",2.96291897812002,"BALANCED",1381,3,54,0,0,0,1,5,FALSE,-0.195853861716169,0.140422170406014,-0.122355758108338,0.264439977076008,-0.206923135992623,0.0101829536453559,-0.0734981036078315,0.011069274276454,0.0845673778842855
"WST",10,"kappa_0.3","app_sparse_hetero",7,"WST_heteroSparse",2.96291897812002,"BALANCED",1382,4,54,0,0,0,8,5,FALSE,-0.318922787560267,0.538169506455107,-0.298659722285806,-0.0435518883836527,-0.318708537254744,0.075099224605692,-0.0202630652744613,-0.000214250305523578,0.0200488149689377
"WST",10,"kappa_0.3","app_sparse_hetero",7,"WST_heteroSparse",2.96291897812002,"BALANCED",1383,5,54,0,0,0,7,5,FALSE,-0.341038526825504,0.389279068484184,-0.335238611889222,0.105679869386563,-0.371039598798211,0.239101863210242,-0.00579991493628196,0.0300010719727064,0.0358009869089884
"WST",10,"kappa_0.3","app_sparse_hetero",7,"WST_heteroSparse",2.96291897812002,"BALANCED",1384,6,54,0,0,0,4,5,FALSE,-0.236390148898882,0.125809511150411,-0.204923175062614,0.163657014000981,-0.212264415702213,0.0851420421378348,-0.0314669738362676,-0.0241257331966684,0.00734124063959918
"WST",10,"kappa_0.3","app_sparse_hetero",7,"WST_heteroSparse",2.96291897812002,"BALANCED",1385,7,54,0,0,0,6,5,FALSE,-0.316264211568765,0.157432386471649,-0.352691162675041,0.473805732418602,-0.351450744495248,0.0485920703629698,0.0364269511062751,0.0351865329264829,-0.00124041817979226
"WST",10,"kappa_0.3","app_sparse_hetero",7,"WST_heteroSparse",2.96291897812002,"BALANCED",1386,8,54,0,0,0,9,5,FALSE,-0.121441229116572,0.304430094526873,-0.124429559738465,0.0304350052038012,-0.188365241203229,0.452976949313104,0.00298833062189363,0.0669240120866572,0.0639356814647636
"WST",10,"kappa_0.3","app_sparse_hetero",7,"WST_heteroSparse",2.96291897812002,"BALANCED",1387,9,54,0,0,0,3,5,FALSE,-0.504664817548186,0.0229775869340519,-0.529680851643812,0.170387702357168,-0.536711541356559,0.048720864631669,0.0250160340956267,0.0320467238083735,0.00703068971274678
"WST",10,"kappa_0.3","app_sparse_hetero",7,"WST_heteroSparse",2.96291897812002,"BALANCED",1388,10,54,1,0,1,3,5,FALSE,-1.32703546831275,0.202796834086174,-1.29430639825662,0.256439652985951,-1.27002740523141,0.172752265120042,-0.0327290700561358,-0.0570080630813452,-0.0242789930252094
"WST",10,"kappa_0.3","app_sparse_hetero",7,"WST_heteroSparse",2.96291897812002,"BALANCED",1389,11,54,0,0,0,9,5,FALSE,-0.160902184270009,0.0643885959559008,-0.166672131304043,0.196825485614815,-0.245256959727119,-0.0113225791365297,0.00576994703403422,0.0843547754571095,0.0785848284230752
"WST",10,"kappa_0.3","app_sparse_hetero",7,"WST_heteroSparse",2.96291897812002,"BALANCED",1390,12,54,0,0,0,6,5,FALSE,-0.254468974711677,0.43233208293342,-0.2642742188986,0.103988836261177,-0.276810247271027,0.195768126375237,0.00980524418692319,0.0223412725593501,0.012536028372427
"WST",10,"kappa_0.3","app_sparse_hetero",7,"WST_heteroSparse",2.96291897812002,"BALANCED",1391,13,54,0,2,2,7,5,FALSE,-4.28616493527086,0.261521731133645,-3.9724571389332,0.150098188986792,-3.86010542984311,0.308416584725527,-0.313707796337662,-0.426059505427751,-0.112351709090089
"WST",10,"kappa_0.3","app_sparse_hetero",7,"WST_heteroSparse",2.96291897812002,"BALANCED",1392,14,54,0,0,0,1,5,FALSE,-0.194306811854754,0.33800225287818,-0.124327892212952,0.317557101891797,-0.127822840331462,0.153998796911064,-0.0699789196418017,-0.0664839715232919,0.00349494811850981
"WST",10,"kappa_0.3","app_sparse_hetero",7,"WST_heteroSparse",2.96291897812002,"BALANCED",1393,15,54,0,0,0,5,5,TRUE,-0.162925194259379,0.236157350221791,-0.148019161577254,0.124025617292306,-0.15467590266352,0.41334753374064,-0.0149060326821244,-0.00824929159585874,0.00665674108626568
"WST",10,"kappa_0.3","app_sparse_hetero",7,"WST_heteroSparse",2.96291897812002,"BALANCED",1394,16,54,0,0,0,10,5,FALSE,-0.346035998402807,0.062003231497583,-0.379790188445468,0.0547298726113663,-0.271650638095071,0.078819154933376,0.0337541900426608,-0.074385360307736,-0.108139550350397
"WST",10,"kappa_0.3","app_sparse_hetero",7,"WST_heteroSparse",2.96291897812002,"BALANCED",1395,17,54,0,0,0,5,5,TRUE,-0.1975822277326,0.297384376057422,-0.172353053755701,0.121819356548252,-0.173263155958021,0.164309550013347,-0.0252291739768982,-0.0243190717745785,0.000910102202319685
"WST",10,"kappa_0.3","app_sparse_hetero",7,"WST_heteroSparse",2.96291897812002,"BALANCED",1396,18,54,0,0,0,9,5,FALSE,-0.134015478171003,0.148858964838749,-0.138745844933995,0.27343386020456,-0.211472625442703,-0.0958558800695358,0.00473036676299188,0.0774571472716996,0.0727267805087077
"WST",10,"kappa_0.3","app_sparse_hetero",7,"WST_heteroSparse",2.96291897812002,"BALANCED",1397,19,54,0,0,0,8,5,FALSE,-0.33578435955663,0.259935605283513,-0.377267542087266,0.140085091387838,-0.377970351551271,0.133863714908243,0.0414831825306363,0.042185991994641,0.000702809464004694
"WST",10,"kappa_0.3","app_sparse_hetero",7,"WST_heteroSparse",2.96291897812002,"BALANCED",1398,20,54,0,0,0,1,5,FALSE,-0.209814541257313,0.0379234648211432,-0.133812099946418,0.524658936738371,-0.142884065323206,0.212045935702451,-0.0760024413108953,-0.0669304759341074,0.00907196537678789
"WST",10,"kappa_0.3","app_sparse_hetero",7,"WST_heteroSparse",2.96291897812002,"BALANCED",1399,21,54,0,0,0,1,5,FALSE,-0.25246501584301,0.373967651302143,-0.171091947859034,-0.0848967356278817,-0.159281809571407,0.642876448059201,-0.0813730679839759,-0.0931832062716023,-0.0118101382876263
"WST",10,"kappa_0.3","app_sparse_hetero",7,"WST_heteroSparse",2.96291897812002,"BALANCED",1400,22,54,0,0,0,7,5,FALSE,-0.265366517255591,0.421992954802572,-0.295827490906184,0.247092497762758,-0.284747475263735,0.197225930217788,0.0304609736505936,0.0193809580081448,-0.0110800156424489
"WST",10,"kappa_0.3","app_sparse_hetero",7,"WST_heteroSparse",2.96291897812002,"BALANCED",1401,23,54,0,0,0,5,5,TRUE,-0.164274896836557,0.0523507104138173,-0.163693782701142,0.44659055326095,-0.146614518575209,-0.122951247106361,-0.000581114135415284,-0.0176603782613478,-0.0170792641259325
"WST",10,"kappa_0.3","app_sparse_hetero",7,"WST_heteroSparse",2.96291897812002,"BALANCED",1402,24,54,0,0,0,1,5,FALSE,-0.240855421496064,0.254309569852581,-0.152342838923212,0.428109330588147,-0.161433187663551,0.150345684543535,-0.0885125825728519,-0.0794222338325126,0.00909034874033932
"WST",10,"kappa_0.3","app_sparse_hetero",7,"WST_heteroSparse",2.96291897812002,"BALANCED",1403,25,54,0,0,0,10,5,FALSE,-0.215256863639139,0.189021447141542,-0.224796575601524,0.0240369836321445,-0.207981706161807,0.194537890996769,0.00953971196238523,-0.00727515747733154,-0.0168148694397168
"WST",10,"kappa_0.3","app_sparse_hetero",7,"WST_heteroSparse",2.96291897812002,"BALANCED",1404,26,54,1,0,1,2,5,FALSE,-1.3355285185172,0.0378915440946601,-1.26190437575019,0.0972814564943607,-1.24231218855533,0.304338338295721,-0.0736241427670059,-0.093216329961864,-0.0195921871948581
"WST",10,"kappa_0.3","app_sparse_hetero",7,"WST_heteroSparse",2.96291897812002,"BALANCED",1405,27,54,1,0,1,2,5,FALSE,-1.57285893717759,0.24939088312201,-1.491820383907,0.379296880298363,-1.47963826654056,0.445196917676505,-0.0810385532705888,-0.0932206706370273,-0.0121821173664385
"WST",10,"kappa_0.3","app_sparse_hetero",7,"WST_heteroSparse",2.96291897812002,"BALANCED",1406,28,54,0,0,0,6,5,FALSE,-0.288003793169887,0.100331201833899,-0.327317353934977,0.107308881581931,-0.315357438059201,-0.0855038500849505,0.0393135607650903,0.0273536448893141,-0.0119599158757762
"WST",10,"kappa_0.3","app_sparse_hetero",7,"WST_heteroSparse",2.96291897812002,"BALANCED",1407,29,54,0,1,1,7,5,FALSE,-1.85677042820389,0.491949946392826,-1.67552539094382,0.0985449863052171,-1.67240907156964,0.100453777343007,-0.181245037260067,-0.184361356634247,-0.00311631937417989
"WST",10,"kappa_0.3","app_sparse_hetero",7,"WST_heteroSparse",2.96291897812002,"BALANCED",1408,30,54,0,0,0,8,5,FALSE,-0.143885099786268,0.480806860523582,-0.148931276254933,0.126136170254654,-0.216413230989072,0.0128356413513382,0.00504617646866468,0.0725281312028034,0.0674819547341388
"WST",10,"kappa_0.3","app_sparse_hetero",7,"WST_heteroSparse",2.96291897812002,"BALANCED",1409,31,54,0,1,1,7,5,FALSE,-2.60252799880317,0.101476169467819,-2.29241219637925,0.431138047250228,-2.21354047791501,0.412162814833322,-0.310115802423924,-0.388987520888165,-0.0788717184642405
"WST",10,"kappa_0.3","app_sparse_hetero",7,"WST_heteroSparse",2.96291897812002,"BALANCED",1410,32,54,0,0,0,4,5,FALSE,-0.195822881510594,0.350208266961349,-0.174632154699361,0.221214469325108,-0.168008588629829,0.30662553831841,-0.0211907268112332,-0.0278142928807652,-0.00662356606953196
"WST",10,"kappa_0.3","app_sparse_hetero",7,"WST_heteroSparse",2.96291897812002,"BALANCED",1411,33,54,0,0,0,4,5,FALSE,-0.192540475363028,0.247249185618379,-0.164501286075305,0.141453166221787,-0.169087469920172,-0.0278840985931996,-0.028039189287723,-0.0234530054428559,0.00458618384486709
"WST",10,"kappa_0.3","app_sparse_hetero",7,"WST_heteroSparse",2.96291897812002,"BALANCED",1412,34,54,0,1,1,6,5,FALSE,-1.9619759636488,0.153645992362806,-1.72396373087729,0.339397920359605,-1.86217339746145,0.0111744290792545,-0.238012232771503,-0.0998025661873481,0.138209666584155
"WST",10,"kappa_0.3","app_sparse_hetero",7,"WST_heteroSparse",2.96291897812002,"BALANCED",1413,35,54,1,0,1,3,5,FALSE,-1.24930088899274,0.325894156895664,-1.22735814124767,0.274113315976777,-1.21916378306986,0.362980067530487,-0.0219427477450669,-0.0301371059228783,-0.00819435817781144
"WST",10,"kappa_0.3","app_sparse_hetero",7,"WST_heteroSparse",2.96291897812002,"BALANCED",1414,36,54,0,0,0,5,5,TRUE,-0.119116797980579,0.317127555839544,-0.10255141956764,0.47054328393345,-0.105642426634576,0.295087678023848,-0.0165653784129391,-0.0134743713460033,0.00309100706693588
"WST",10,"kappa_0.3","app_sparse_hetero",7,"WST_heteroSparse",2.96291897812002,"BALANCED",1415,37,54,0,0,0,7,5,FALSE,-0.298605117866128,0.0854907302301756,-0.330558805646822,0.281162062356286,-0.320972252017099,0.259354951426681,0.0319536877806943,0.0223671341509712,-0.00958655362972305
"WST",10,"kappa_0.3","app_sparse_hetero",7,"WST_heteroSparse",2.96291897812002,"BALANCED",1416,38,54,0,0,0,9,5,FALSE,-0.133523434106852,0.277783113540778,-0.145254387494447,0.0637148834698544,-0.20849898523874,0.0887898772216241,0.0117309533875947,0.0749755511318879,0.0632445977442933
"WST",10,"kappa_0.3","app_sparse_hetero",7,"WST_heteroSparse",2.96291897812002,"BALANCED",1417,39,54,0,0,0,8,5,FALSE,-0.191685290010791,0.258223514598657,-0.204218853387233,0.203973951445033,-0.22344006036043,0.794368814666784,0.0125335633764418,0.0317547703496386,0.0192212069731967
"WST",10,"kappa_0.3","app_sparse_hetero",7,"WST_heteroSparse",2.96291897812002,"BALANCED",1418,40,54,0,0,0,10,5,FALSE,-0.42303322676382,0.238295493076754,-0.459291131969745,0.249011416165345,-0.303242333578962,-0.0563716046732468,0.0362579052059253,-0.119790893184858,-0.156048798390783
"WST",10,"kappa_0.3","app_sparse_hetero",7,"WST_heteroSparse",2.96291897812002,"BALANCED",1419,41,54,0,0,0,6,5,FALSE,-0.319093997947391,0.163685010775277,-0.348891597037719,0.0976913066847815,-0.347792923041206,-0.0460991925923702,0.0297975990903279,0.0286989250938152,-0.00109867399651264
"WST",10,"kappa_0.3","app_sparse_hetero",7,"WST_heteroSparse",2.96291897812002,"BALANCED",1420,42,54,0,0,0,1,5,FALSE,-0.236191077276404,0.32576516820822,-0.146592464647067,0.355632547323522,-0.156349345240219,0.153767710289669,-0.0895986126293371,-0.0798417320361846,0.0097568805931525
"WST",10,"kappa_0.3","app_sparse_hetero",7,"WST_heteroSparse",2.96291897812002,"BALANCED",1421,43,54,0,0,0,4,5,FALSE,-0.175078377206114,0.314932333590758,-0.162045229972527,0.0776364394113342,-0.153973467365136,0.121765402051071,-0.0130331472335863,-0.0211049098409779,-0.00807176260739162
"WST",10,"kappa_0.3","app_sparse_hetero",7,"WST_heteroSparse",2.96291897812002,"BALANCED",1422,44,54,0,1,1,9,5,FALSE,-2.16675142928582,0.451215387412134,-2.07047687682932,0.154389171100829,-1.71503344335433,0.107760496924256,-0.0962745524564941,-0.451717985931485,-0.355443433474991
"WST",10,"kappa_0.3","app_sparse_hetero",7,"WST_heteroSparse",2.96291897812002,"BALANCED",1423,45,54,0,0,0,2,5,FALSE,-0.413971128022431,0.266045241470417,-0.446225823338401,0.0999853672747582,-0.463145331274168,0.0757315232566329,0.0322546953159701,0.049174203251737,0.0169195079357669
"WST",10,"kappa_0.3","app_sparse_hetero",7,"WST_heteroSparse",2.96291897812002,"BALANCED",1424,46,54,0,0,0,6,5,FALSE,-0.125128774354988,0.565798125625948,-0.107913647957515,0.00430981419941823,-0.120421069578107,-0.0329768333615088,-0.0172151263974731,-0.00470770477688109,0.012507421620592
"WST",10,"kappa_0.3","app_sparse_hetero",7,"WST_heteroSparse",2.96291897812002,"BALANCED",1425,47,54,0,0,0,10,5,FALSE,-0.240330143205267,0.117009625344941,-0.26152540897866,0.0774101733188155,-0.18242494025067,0.668957131121198,0.0211952657733923,-0.057905202954597,-0.0791004687279893
"WST",10,"kappa_0.3","app_sparse_hetero",7,"WST_heteroSparse",2.96291897812002,"BALANCED",1426,48,54,0,0,0,4,5,FALSE,-0.212456323335973,-0.072513433530135,-0.210122284048318,0.345530641885049,-0.201451985909771,-0.107267160321728,-0.0023340392876543,-0.0110043374262014,-0.00867029813854714
"WST",10,"kappa_0.3","app_sparse_hetero",7,"WST_heteroSparse",2.96291897812002,"BALANCED",1427,49,54,0,0,0,10,5,FALSE,-0.312849704982765,0.125808378426684,-0.337799676457346,0.486519482899623,-0.298087729321107,-0.0536268387862602,0.0249499714745802,-0.0147619756616582,-0.0397119471362384
"WST",10,"kappa_0.3","app_sparse_hetero",7,"WST_heteroSparse",2.96291897812002,"BALANCED",1428,50,54,0,1,1,8,5,FALSE,-1.84730584763592,0.475951313517718,-1.67020907909236,0.483654918765233,-1.61621115141308,0.896686696744098,-0.177096768543565,-0.231094696222843,-0.0539979276792772
"WST",10,"kappa_0.3","app_sparse_hetero",7,"WST_heteroSparse",2.96291897812002,"BALANCED",1429,51,54,1,0,1,7,5,FALSE,-4.19362711000887,0.409006756742745,-4.72270036809067,-0.0382554772836334,-4.5007199483788,0.480251057899376,0.529073258081806,0.307092838369939,-0.221980419711867
"WST",10,"kappa_0.3","app_sparse_hetero",7,"WST_heteroSparse",2.96291897812002,"BALANCED",1430,52,54,0,0,0,10,5,FALSE,-0.300392612362977,0.092856080148517,-0.332261777485181,0.210886736488939,-0.217514878912898,0.0720035418686861,0.0318691651222043,-0.0828777334500783,-0.114746898572283
"WST",10,"kappa_0.3","app_sparse_hetero",7,"WST_heteroSparse",2.96291897812002,"BALANCED",1431,53,54,0,0,0,3,5,FALSE,-0.332016420547179,0.0921791946511849,-0.332674743211654,-0.0087157401350407,-0.3405586987132,0.258411422298261,0.000658322664475186,0.00854227816602116,0.00788395550154597
"WST",10,"kappa_0.3","app_sparse_hetero",7,"WST_heteroSparse",2.96291897812002,"BALANCED",1432,1,55,0,1,1,2,8,FALSE,-4.01998721891375,0.324669503301441,-5.09797706974261,0.0210011780091235,-4.15222613546639,0.209458224095194,1.07798985082886,0.13223891655264,-0.945750934276218
"WST",10,"kappa_0.3","app_sparse_hetero",7,"WST_heteroSparse",2.96291897812002,"BALANCED",1433,2,55,0,0,0,9,8,FALSE,-0.462394970263616,0.547715899830364,-0.402840764297687,0.290202609888841,-0.421713889475634,0.113433355938809,-0.0595542059659291,-0.0406810807879818,0.0188731251779473
"WST",10,"kappa_0.3","app_sparse_hetero",7,"WST_heteroSparse",2.96291897812002,"BALANCED",1434,3,55,0,0,0,1,8,FALSE,-0.397492310686105,0.136941088772465,-0.395312089833059,0.0935501790070112,-0.455970175419751,0.0427710114985813,-0.00218022085304614,0.0584778647336464,0.0606580855866925
"WST",10,"kappa_0.3","app_sparse_hetero",7,"WST_heteroSparse",2.96291897812002,"BALANCED",1435,4,55,0,0,0,8,8,TRUE,-0.320678371248965,0.405993470435461,-0.230384284658946,0.35440109025009,-0.31835605552194,0.0872739525598618,-0.0902940865900188,-0.00232231572702535,0.0879717708629935
"WST",10,"kappa_0.3","app_sparse_hetero",7,"WST_heteroSparse",2.96291897812002,"BALANCED",1436,5,55,0,0,0,7,8,FALSE,-0.399125551606766,0.24068906726674,-0.310320470716763,0.00542986103180378,-0.337653871136117,0.286963165939706,-0.0888050808900029,-0.0614716804706497,0.0273334004193533
"WST",10,"kappa_0.3","app_sparse_hetero",7,"WST_heteroSparse",2.96291897812002,"BALANCED",1437,6,55,0,0,0,4,8,FALSE,-0.573815549090821,0.132182790192846,-0.593341203310011,0.285631455598433,-0.586677521803599,0.240033090883229,0.0195256542191897,0.0128619727127779,-0.00666368150641183
"WST",10,"kappa_0.3","app_sparse_hetero",7,"WST_heteroSparse",2.96291897812002,"BALANCED",1438,7,55,0,0,0,6,8,FALSE,-0.361157836209782,-0.0175267422454271,-0.372749022278457,0.070680635260768,-0.309429382201776,-0.021526360477299,0.0115911860686753,-0.0517284540080061,-0.0633196400766813
"WST",10,"kappa_0.3","app_sparse_hetero",7,"WST_heteroSparse",2.96291897812002,"BALANCED",1439,8,55,0,0,0,9,8,FALSE,-0.295488464157041,0.189207133241683,-0.265542600906922,0.261799778056309,-0.264033383012165,0.317648708663036,-0.0299458632501182,-0.0314550811448759,-0.00150921789475778
"WST",10,"kappa_0.3","app_sparse_hetero",7,"WST_heteroSparse",2.96291897812002,"BALANCED",1440,9,55,1,0,1,3,8,FALSE,-1.2344698742178,0.184306479683982,-1.21215574773008,0.0890131123384774,-1.30293385925478,0.126687826758159,-0.0223141264877142,0.0684639850369892,0.0907781115247035
"WST",10,"kappa_0.3","app_sparse_hetero",7,"WST_heteroSparse",2.96291897812002,"BALANCED",1441,10,55,1,0,1,3,8,FALSE,-1.20889863942887,0.036526521609491,-1.19269993224536,0.124281194882404,-1.2792070976802,0.0206590416100424,-0.0161987071835039,0.0703084582513318,0.0865071654348357
"WST",10,"kappa_0.3","app_sparse_hetero",7,"WST_heteroSparse",2.96291897812002,"BALANCED",1442,11,55,0,1,1,9,8,FALSE,-2.31997489973254,0.251621891618727,-2.09807325379356,1.49672953736232,-1.79085049272302,0.130658344402907,-0.221901645938977,-0.529124407009514,-0.307222761070537
"WST",10,"kappa_0.3","app_sparse_hetero",7,"WST_heteroSparse",2.96291897812002,"BALANCED",1443,12,55,0,0,0,6,8,FALSE,-0.341052913646846,0.531981318575845,-0.277276221319807,0.0827450611467813,-0.286151359837441,0.0765130151979247,-0.0637766923270382,-0.0549015538094046,0.00887513851763355
"WST",10,"kappa_0.3","app_sparse_hetero",7,"WST_heteroSparse",2.96291897812002,"BALANCED",1444,13,55,0,0,0,7,8,FALSE,-0.269229653366316,0.0794840253594902,-0.209271965788728,0.271249710720569,-0.278428011294149,0.0538888004771942,-0.0599576875775876,0.00919835792783275,0.0691560455054203
"WST",10,"kappa_0.3","app_sparse_hetero",7,"WST_heteroSparse",2.96291897812002,"BALANCED",1445,14,55,0,0,0,1,8,FALSE,-0.435528781817371,0.237266833361402,-0.432941389430166,-0.114035254399593,-0.509364014260132,0.312363439490811,-0.00258739238720462,0.0738352324427618,0.0764226248299664
"WST",10,"kappa_0.3","app_sparse_hetero",7,"WST_heteroSparse",2.96291897812002,"BALANCED",1446,15,55,1,0,1,5,8,FALSE,-1.54929058088044,0.279347888918672,-1.51447120417397,0.682455219417967,-1.50015609047062,0.225548046841505,-0.0348193767064702,-0.0491344904098243,-0.0143151137033541
"WST",10,"kappa_0.3","app_sparse_hetero",7,"WST_heteroSparse",2.96291897812002,"BALANCED",1447,16,55,0,0,0,10,8,FALSE,-0.213547278726469,0.136279093778242,-0.188583370120212,0.256624798997235,-0.358183740962517,0.060846469547564,-0.0249639086062565,0.144636462236049,0.169600370842305
"WST",10,"kappa_0.3","app_sparse_hetero",7,"WST_heteroSparse",2.96291897812002,"BALANCED",1448,17,55,0,0,0,5,8,FALSE,-0.450552860598695,0.308380717525004,-0.467079262529532,0.0201785773656232,-0.470308942422454,0.217229525130435,0.0165264019308369,0.0197560818237585,0.00322967989292167
"WST",10,"kappa_0.3","app_sparse_hetero",7,"WST_heteroSparse",2.96291897812002,"BALANCED",1449,18,55,0,1,1,9,8,FALSE,-2.44440316868783,0.378603465991949,-2.20051667557512,1.57925874591739,-1.90578557773454,0.0529502657391704,-0.243886493112706,-0.538617590953288,-0.294731097840581
"WST",10,"kappa_0.3","app_sparse_hetero",7,"WST_heteroSparse",2.96291897812002,"BALANCED",1450,19,55,1,0,1,8,8,TRUE,-1.9734354330177,0.494910339843876,-2.12062791476495,0.265180233615927,-2.04354779314558,-0.0743364470814654,0.147192481747253,0.0701123601278786,-0.0770801216193746
"WST",10,"kappa_0.3","app_sparse_hetero",7,"WST_heteroSparse",2.96291897812002,"BALANCED",1451,20,55,1,0,1,1,8,FALSE,-1.53714617728216,0.36039110539922,-1.39417210232929,0.313562101144905,-1.35517251249513,0.110794525820234,-0.142974074952877,-0.181973664787038,-0.0389995898341615
"WST",10,"kappa_0.3","app_sparse_hetero",7,"WST_heteroSparse",2.96291897812002,"BALANCED",1452,21,55,0,0,0,1,8,FALSE,-0.498795926756077,0.38147227566723,-0.543172350173238,0.532998994274485,-0.557770801139386,0.188355962423618,0.0443764234171615,0.058974874383309,0.0145984509661474
"WST",10,"kappa_0.3","app_sparse_hetero",7,"WST_heteroSparse",2.96291897812002,"BALANCED",1453,22,55,0,0,0,7,8,FALSE,-0.323570589094652,0.214473216614131,-0.339338336060623,0.228246849741234,-0.269357529867635,0.45668377870068,0.0157677469659712,-0.0542130592270169,-0.0699808061929881
"WST",10,"kappa_0.3","app_sparse_hetero",7,"WST_heteroSparse",2.96291897812002,"BALANCED",1454,23,55,0,0,0,5,8,FALSE,-0.384548700761764,0.231979905355404,-0.400524587152316,0.265586970870835,-0.400502734725485,-0.00135555815396399,0.0159758863905521,0.0159540339637214,-2.18524268307263e-05
"WST",10,"kappa_0.3","app_sparse_hetero",7,"WST_heteroSparse",2.96291897812002,"BALANCED",1455,24,55,0,0,0,1,8,FALSE,-0.518987473204348,0.0204396864078895,-0.541965426772829,0.18242681430205,-0.635260239209023,0.0872634826752258,0.0229779535684811,0.116272766004675,0.0932948124361941
"WST",10,"kappa_0.3","app_sparse_hetero",7,"WST_heteroSparse",2.96291897812002,"BALANCED",1456,25,55,0,0,0,10,8,FALSE,-0.159163394056189,0.175278743094582,-0.130146284384576,0.165312669991243,-0.211669032991963,-0.253091844428663,-0.0290171096716128,0.0525056389357745,0.0815227486073873
"WST",10,"kappa_0.3","app_sparse_hetero",7,"WST_heteroSparse",2.96291897812002,"BALANCED",1457,26,55,0,0,0,2,8,FALSE,-0.640661937477517,0.389586187730561,-0.695171553973259,0.220675239440394,-0.582924963955344,0.178366877319596,0.0545096164957419,-0.0577369735221724,-0.112246590017914
"WST",10,"kappa_0.3","app_sparse_hetero",7,"WST_heteroSparse",2.96291897812002,"BALANCED",1458,27,55,0,0,0,2,8,FALSE,-0.437785240401157,0.387792746024042,-0.47283258959223,0.166763607620759,-0.391137866975042,0.0623749226798951,0.035047349191073,-0.046647373426115,-0.081694722617188
"WST",10,"kappa_0.3","app_sparse_hetero",7,"WST_heteroSparse",2.96291897812002,"BALANCED",1459,28,55,0,0,0,6,8,FALSE,-0.307945561519982,0.208480203063234,-0.341866128262786,0.326948530428863,-0.278348037080779,0.0839959862695427,0.033920566742804,-0.029597524439203,-0.063518091182007
"WST",10,"kappa_0.3","app_sparse_hetero",7,"WST_heteroSparse",2.96291897812002,"BALANCED",1460,29,55,0,0,0,7,8,FALSE,-0.318671647099278,0.270339820781602,-0.317462490733893,0.31312359940878,-0.276807420604314,0.117270386587156,-0.00120915636538488,-0.0418642264949645,-0.0406550701295796
"WST",10,"kappa_0.3","app_sparse_hetero",7,"WST_heteroSparse",2.96291897812002,"BALANCED",1461,30,55,0,0,0,8,8,TRUE,-0.358414966010474,0.25482151295118,-0.31658398153035,0.223388877024373,-0.311715737377951,0.165274445884649,-0.0418309844801241,-0.046699228632523,-0.00486824415239884
"WST",10,"kappa_0.3","app_sparse_hetero",7,"WST_heteroSparse",2.96291897812002,"BALANCED",1462,31,55,0,0,0,7,8,FALSE,-0.390073351286843,0.312120038575063,-0.415590365796205,-0.0657257152197626,-0.38231247236659,0.196100237047702,0.0255170145093615,-0.00776087892025323,-0.0332778934296147
"WST",10,"kappa_0.3","app_sparse_hetero",7,"WST_heteroSparse",2.96291897812002,"BALANCED",1463,32,55,0,0,0,4,8,FALSE,-0.463713320231569,0.218086570047416,-0.462621252848489,0.0365806973687651,-0.456225751400106,0.0470728238381087,-0.00109206738307943,-0.00748756883146218,-0.00639550144838275
"WST",10,"kappa_0.3","app_sparse_hetero",7,"WST_heteroSparse",2.96291897812002,"BALANCED",1464,33,55,0,0,0,4,8,FALSE,-0.46227664710666,0.149182139434255,-0.473382304411955,0.243820214629865,-0.467955970126607,-0.00563646122385258,0.0111056573052952,0.00567932301994745,-0.00542633428534778
"WST",10,"kappa_0.3","app_sparse_hetero",7,"WST_heteroSparse",2.96291897812002,"BALANCED",1465,34,55,2,0,2,6,8,FALSE,-4.29907283615022,0.385273748203415,-4.30571757847671,0.656329758654018,-4.81416323366201,0.35186810513141,0.00664474232648438,0.515090397511788,0.508445655185303
"WST",10,"kappa_0.3","app_sparse_hetero",7,"WST_heteroSparse",2.96291897812002,"BALANCED",1466,35,55,1,0,1,3,8,FALSE,-1.16151910458907,0.246586168283678,-1.14423183564476,0.335824340606093,-1.22329392021167,0.0748705401392273,-0.0172872689443091,0.061774815622595,0.0790620845669041
"WST",10,"kappa_0.3","app_sparse_hetero",7,"WST_heteroSparse",2.96291897812002,"BALANCED",1467,36,55,0,0,0,5,8,FALSE,-0.269435206865078,0.198536943871146,-0.272429507835792,0.0993064479197397,-0.28398773220649,0.292629141145427,0.0029943009707134,0.0145525253414114,0.011558224370698
"WST",10,"kappa_0.3","app_sparse_hetero",7,"WST_heteroSparse",2.96291897812002,"BALANCED",1468,37,55,0,0,0,7,8,FALSE,-0.352120095084065,0.169969596134803,-0.359553680646492,0.261738338742596,-0.292908222472033,0.0873175814179663,0.00743358556242679,-0.0592118726120328,-0.0666454581744595
"WST",10,"kappa_0.3","app_sparse_hetero",7,"WST_heteroSparse",2.96291897812002,"BALANCED",1469,38,55,0,0,0,9,8,FALSE,-0.326378083419015,0.102523210878264,-0.295486686280716,0.362860298879025,-0.299300169534219,0.0806075017146366,-0.0308913971382987,-0.0270779138847956,0.00381348325350306
"WST",10,"kappa_0.3","app_sparse_hetero",7,"WST_heteroSparse",2.96291897812002,"BALANCED",1470,39,55,0,0,0,8,8,TRUE,-0.153037167052257,0.0409989202439756,-0.132779261719126,0.121670041925383,-0.219797891643807,0.749325973360166,-0.0202579053331311,0.0667607245915507,0.0870186299246818
"WST",10,"kappa_0.3","app_sparse_hetero",7,"WST_heteroSparse",2.96291897812002,"BALANCED",1471,40,55,0,0,0,10,8,FALSE,-0.290162872099889,0.340510613833404,-0.265671979033669,0.0799337979813165,-0.439460553357578,-0.0271884159816198,-0.0244908930662202,0.149297681257689,0.173788574323909
"WST",10,"kappa_0.3","app_sparse_hetero",7,"WST_heteroSparse",2.96291897812002,"BALANCED",1472,41,55,1,0,1,6,8,FALSE,-1.84216381854664,0.359338357603035,-1.71706279436094,0.146983072434329,-2.09330497868644,-0.142271834101598,-0.125101024185694,0.251141160139806,0.3762421843255
"WST",10,"kappa_0.3","app_sparse_hetero",7,"WST_heteroSparse",2.96291897812002,"BALANCED",1473,42,55,0,0,0,1,8,FALSE,-0.515851998798104,0.101631028655686,-0.518530972517971,0.0819288451169359,-0.604876909309865,0.193307673199908,0.00267897371986692,0.0890249105117604,0.0863459367918935
"WST",10,"kappa_0.3","app_sparse_hetero",7,"WST_heteroSparse",2.96291897812002,"BALANCED",1474,43,55,0,0,0,4,8,FALSE,-0.421484622314588,-0.043623933571884,-0.43406680496564,0.370271742294306,-0.425980112821975,0.261692325159002,0.0125821826510526,0.00449549050738707,-0.00808669214366553
"WST",10,"kappa_0.3","app_sparse_hetero",7,"WST_heteroSparse",2.96291897812002,"BALANCED",1475,44,55,0,0,0,9,8,FALSE,-0.404676720431904,0.470874141022166,-0.388295441970016,0.251886314366724,-0.402494085836502,0.0510307908865216,-0.0163812784618873,-0.00218263459540147,0.0141986438664858
"WST",10,"kappa_0.3","app_sparse_hetero",7,"WST_heteroSparse",2.96291897812002,"BALANCED",1476,45,55,1,0,1,2,8,FALSE,-1.36583355246271,0.0775941416796212,-1.24951656287846,0.304938320292785,-1.30577535364296,0.190861146396711,-0.116316989584256,-0.0600581988197559,0.0562587907644998
"WST",10,"kappa_0.3","app_sparse_hetero",7,"WST_heteroSparse",2.96291897812002,"BALANCED",1477,46,55,1,0,1,6,8,FALSE,-1.91248539284338,0.36311746153188,-1.86435887253775,0.545765489607153,-1.90060528893895,-0.0954649939177424,-0.0481265203056225,-0.0118801039044314,0.0362464164011911
"WST",10,"kappa_0.3","app_sparse_hetero",7,"WST_heteroSparse",2.96291897812002,"BALANCED",1478,47,55,0,0,0,10,8,FALSE,-0.15254622010127,0.140028934720802,-0.142994787657832,0.0532973631125964,-0.246964684782691,0.199849068410572,-0.00955143244343759,0.0944184646814215,0.103969897124859
"WST",10,"kappa_0.3","app_sparse_hetero",7,"WST_heteroSparse",2.96291897812002,"BALANCED",1479,48,55,0,0,0,4,8,FALSE,-0.49325281782864,0.111408454412609,-0.502901701771398,0.192756821984923,-0.499130701141941,0.157107941014867,0.00964888394275754,0.00587788331330064,-0.0037710006294569
"WST",10,"kappa_0.3","app_sparse_hetero",7,"WST_heteroSparse",2.96291897812002,"BALANCED",1480,49,55,0,0,0,10,8,FALSE,-0.186282232100189,0.426178625864486,-0.132846721424431,0.376824031270246,-0.290221441335228,0.217156621255222,-0.053435510675758,0.103939209235039,0.157374719910797
"WST",10,"kappa_0.3","app_sparse_hetero",7,"WST_heteroSparse",2.96291897812002,"BALANCED",1481,50,55,0,0,0,8,8,TRUE,-0.323476580594943,0.407366505502061,-0.236680014778076,0.222629802624076,-0.323581591253644,0.0650291588049379,-0.0867965658168668,0.000105010658701055,0.0869015764755678
"WST",10,"kappa_0.3","app_sparse_hetero",7,"WST_heteroSparse",2.96291897812002,"BALANCED",1482,51,55,0,0,0,7,8,FALSE,-0.423645956854658,0.320299202188297,-0.379958544262181,0.0550208844156635,-0.394197286444655,0.1872172936913,-0.0436874125924769,-0.0294486704100034,0.0142387421824735
"WST",10,"kappa_0.3","app_sparse_hetero",7,"WST_heteroSparse",2.96291897812002,"BALANCED",1483,52,55,0,0,0,10,8,FALSE,-0.18856751428712,0.289021935710285,-0.16040291206992,0.368889175887503,-0.308280455517991,0.0686342922292358,-0.0281646022172,0.119712941230871,0.147877543448071
"WST",10,"kappa_0.3","app_sparse_hetero",7,"WST_heteroSparse",2.96291897812002,"BALANCED",1484,53,55,0,0,0,3,8,FALSE,-0.397053705154552,0.0530019728324923,-0.417174647320759,0.23626608136455,-0.334698014142937,0.54230398639387,0.0201209421662067,-0.0623556910116152,-0.082476633177822
"WST",10,"kappa_0.3","app_sparse_hetero",7,"WST_heteroSparse",2.96291897812002,"BALANCED",1485,54,55,1,0,1,5,8,FALSE,-1.50899102739726,0.0959659974696198,-1.45583090899195,0.258446473890108,-1.431580972306,0.359191973604173,-0.0531601184053123,-0.0774100550912564,-0.0242499366859441
"WST",10,"kappa_0.3","app_sparse_hetero",7,"WST_heteroSparse",2.96291897812002,"BALANCED",1486,1,56,1,0,1,2,3,FALSE,-1.90286674725177,0.0897407805645793,-1.88554783160964,0.474501837908207,-2.02792083621138,-0.119953899331062,-0.0173189156421341,0.125054088959612,0.142373004601746
"WST",10,"kappa_0.3","app_sparse_hetero",7,"WST_heteroSparse",2.96291897812002,"BALANCED",1487,2,56,0,0,0,9,3,FALSE,-0.409549911996746,0.381007430416307,-0.495408382942835,0.246726668938891,-0.647751847809645,-0.0604224564479858,0.0858584709460892,0.238201935812899,0.15234346486681
"WST",10,"kappa_0.3","app_sparse_hetero",7,"WST_heteroSparse",2.96291897812002,"BALANCED",1488,3,56,0,0,0,1,3,FALSE,-0.347204910171846,0.285841830155834,-0.361823774719649,0.196376161483182,-0.360665093952849,0.256970327274733,0.0146188645478027,0.0134601837810031,-0.00115868076679959
"WST",10,"kappa_0.3","app_sparse_hetero",7,"WST_heteroSparse",2.96291897812002,"BALANCED",1489,4,56,0,2,2,8,3,FALSE,-2.82709471854638,0.225605371980454,-2.52145518384419,0.0325139675188546,-2.77972649365915,0.148079527376896,-0.305639534702196,-0.0473682248872267,0.258271309814969
"WST",10,"kappa_0.3","app_sparse_hetero",7,"WST_heteroSparse",2.96291897812002,"BALANCED",1490,5,56,0,1,1,7,3,FALSE,-1.32887607880423,0.471777247011786,-1.27522112959078,0.186788107938591,-1.23580955573884,0.238913607938012,-0.0536549492134482,-0.0930665230653815,-0.0394115738519334
"WST",10,"kappa_0.3","app_sparse_hetero",7,"WST_heteroSparse",2.96291897812002,"BALANCED",1491,6,56,0,1,1,4,3,FALSE,-1.10363503470529,0.355661897274303,-1.11408222140975,0.331097029109194,-1.09551578222359,0.0837580962114654,0.01044718670446,-0.00811925248170198,-0.018566439186162
"WST",10,"kappa_0.3","app_sparse_hetero",7,"WST_heteroSparse",2.96291897812002,"BALANCED",1492,7,56,0,0,0,6,3,FALSE,-0.409570756375535,0.300967713452486,-0.396284608940483,0.112152176221518,-0.560725213369632,0.219199987146248,-0.0132861474350525,0.151154456994097,0.164440604429149
"WST",10,"kappa_0.3","app_sparse_hetero",7,"WST_heteroSparse",2.96291897812002,"BALANCED",1493,8,56,0,0,0,9,3,FALSE,-0.266007119462973,0.165634084778138,-0.320820775391865,0.165990226592301,-0.406242012133882,0.0149576540435421,0.0548136559288919,0.140234892670909,0.0854212367420173
"WST",10,"kappa_0.3","app_sparse_hetero",7,"WST_heteroSparse",2.96291897812002,"BALANCED",1494,9,56,1,0,1,3,3,TRUE,-2.28539038157092,0.522882807810621,-2.27367658140801,0.679057480774147,-2.17907010055815,0.386797626531506,-0.0117138001629087,-0.106320281012777,-0.0946064808498681
"WST",10,"kappa_0.3","app_sparse_hetero",7,"WST_heteroSparse",2.96291897812002,"BALANCED",1495,10,56,0,0,0,3,3,TRUE,-0.338404103903319,0.272688688509024,-0.359433554878483,0.377787532925623,-0.365601596293582,0.0679630583746377,0.0210294509751634,0.0271974923902629,0.00616804141509952
"WST",10,"kappa_0.3","app_sparse_hetero",7,"WST_heteroSparse",2.96291897812002,"BALANCED",1496,11,56,0,0,0,9,3,FALSE,-0.338966313307465,0.0690358515542004,-0.421884144426957,0.189854285667243,-0.544262738426157,0.0606328128853281,0.0829178311194916,0.205296425118692,0.1223785939992
"WST",10,"kappa_0.3","app_sparse_hetero",7,"WST_heteroSparse",2.96291897812002,"BALANCED",1497,12,56,0,1,1,6,3,FALSE,-1.41195083429896,0.232944717607293,-1.32440298269333,0.363179608439905,-1.30428757346982,0.00891980174798467,-0.087547851605625,-0.107663260829134,-0.020115409223509
"WST",10,"kappa_0.3","app_sparse_hetero",7,"WST_heteroSparse",2.96291897812002,"BALANCED",1498,13,56,0,1,1,7,3,FALSE,-1.3306438369215,0.199197710950053,-1.2699583592926,0.226794605848039,-1.33258002350247,-0.116994230710826,-0.0606854776288985,0.0019361865809735,0.062621664209872
"WST",10,"kappa_0.3","app_sparse_hetero",7,"WST_heteroSparse",2.96291897812002,"BALANCED",1499,14,56,0,0,0,1,3,FALSE,-0.413012428222217,0.236039441722595,-0.414053809646531,0.252368448785351,-0.436780726538706,0.103539618787705,0.0010413814243142,0.0237682983164893,0.0227269168921751
"WST",10,"kappa_0.3","app_sparse_hetero",7,"WST_heteroSparse",2.96291897812002,"BALANCED",1500,15,56,0,2,2,5,3,FALSE,-2.27442562983978,0.0578481486357511,-2.31503525903161,0.284616574286975,-2.37610269235081,0.260174659099324,0.0406096291918292,0.101677062511034,0.061067433319205
"WST",10,"kappa_0.3","app_sparse_hetero",7,"WST_heteroSparse",2.96291897812002,"BALANCED",1501,16,56,0,1,1,10,3,FALSE,-1.11426336289078,0.0761674213531907,-1.11620765709981,0.305627849301313,-1.23146809106556,0.0612815006563494,0.00194429420902864,0.117204728174776,0.115260433965747
"WST",10,"kappa_0.3","app_sparse_hetero",7,"WST_heteroSparse",2.96291897812002,"BALANCED",1502,17,56,0,1,1,5,3,FALSE,-1.11979688725447,0.310502281280139,-1.12026350614269,0.41031805922943,-1.11461374172435,0.19480958277,0.000466618888218306,-0.00518314553011834,-0.00564976441833664
"WST",10,"kappa_0.3","app_sparse_hetero",7,"WST_heteroSparse",2.96291897812002,"BALANCED",1503,18,56,0,0,0,9,3,FALSE,-0.284480235782911,0.18281488157671,-0.34910776463945,0.166888570174679,-0.466002744847462,0.00720731339071014,0.0646275288565397,0.181522509064551,0.116894980208011
"WST",10,"kappa_0.3","app_sparse_hetero",7,"WST_heteroSparse",2.96291897812002,"BALANCED",1504,19,56,0,0,0,8,3,FALSE,-0.652261856075674,0.166825781797939,-0.611504866141236,0.101226235922026,-0.615850279795609,0.176585746075837,-0.0407569899344375,-0.0364115762800648,0.0043454136543728
"WST",10,"kappa_0.3","app_sparse_hetero",7,"WST_heteroSparse",2.96291897812002,"BALANCED",1505,20,56,0,0,0,1,3,FALSE,-0.423910652631227,0.092597849265312,-0.448305601702097,0.26020630829321,-0.478541065369257,0.120950718909192,0.0243949490708699,0.0546304127380308,0.0302354636671609
"WST",10,"kappa_0.3","app_sparse_hetero",7,"WST_heteroSparse",2.96291897812002,"BALANCED",1506,21,56,0,0,0,1,3,FALSE,-0.408717540910875,0.341616977779399,-0.428821989737748,0.253502831672048,-0.475430832017416,0.0954783214450954,0.0201044488268725,0.0667132911065407,0.0466088422796682
"WST",10,"kappa_0.3","app_sparse_hetero",7,"WST_heteroSparse",2.96291897812002,"BALANCED",1507,22,56,0,0,0,7,3,FALSE,-0.390097660557956,0.171881078663147,-0.351722480292795,0.187184875101398,-0.463343585287239,0.108355638962495,-0.0383751802651613,0.0732459247292834,0.111621104994445
"WST",10,"kappa_0.3","app_sparse_hetero",7,"WST_heteroSparse",2.96291897812002,"BALANCED",1508,23,56,0,0,0,5,3,FALSE,-0.790811351570281,0.0157102222729993,-0.763215396591248,0.134144147357348,-0.746312377899845,-0.0717409392501979,-0.0275959549790326,-0.0444989736704358,-0.0169030186914032
"WST",10,"kappa_0.3","app_sparse_hetero",7,"WST_heteroSparse",2.96291897812002,"BALANCED",1509,24,56,1,0,1,1,3,FALSE,-1.4117165002934,0.466901628425334,-1.35580770023701,0.420983813318256,-1.33139925177574,0.270085807289593,-0.0559088000563834,-0.0803172485176553,-0.0244084484612719
"WST",10,"kappa_0.3","app_sparse_hetero",7,"WST_heteroSparse",2.96291897812002,"BALANCED",1510,25,56,0,0,0,10,3,FALSE,-0.500467801909123,0.281691507110977,-0.508920088997842,0.204172631578034,-0.37647475344716,-0.0303515533852503,0.00845228708871915,-0.123993048461963,-0.132445335550682
"WST",10,"kappa_0.3","app_sparse_hetero",7,"WST_heteroSparse",2.96291897812002,"BALANCED",1511,26,56,0,0,0,2,3,FALSE,-0.419545689354821,0.164413775608207,-0.413513257258123,-0.0515965470143908,-0.395852120888,0.0956005304146585,-0.00603243209669735,-0.0236935684668209,-0.0176611363701236
"WST",10,"kappa_0.3","app_sparse_hetero",7,"WST_heteroSparse",2.96291897812002,"BALANCED",1512,27,56,0,0,0,2,3,FALSE,-0.283863643370442,-0.144421922676297,-0.276733240082863,-0.017228938565006,-0.268454396446241,0.204540329514809,-0.00713040328757852,-0.0154092469242002,-0.00827884363662168
"WST",10,"kappa_0.3","app_sparse_hetero",7,"WST_heteroSparse",2.96291897812002,"BALANCED",1513,28,56,0,0,0,6,3,FALSE,-0.378263719751619,0.255553088782696,-0.365565002879972,0.21676261093726,-0.505439663885361,0.152855505368871,-0.0126987168716468,0.127175944133742,0.139874661005389
"WST",10,"kappa_0.3","app_sparse_hetero",7,"WST_heteroSparse",2.96291897812002,"BALANCED",1514,29,56,0,0,0,7,3,FALSE,-0.467308359962737,0.229900225216617,-0.442839242372396,0.205299550544185,-0.496502247840874,0.184776462046164,-0.0244691175903409,0.0291938878781375,0.0536630054684784
"WST",10,"kappa_0.3","app_sparse_hetero",7,"WST_heteroSparse",2.96291897812002,"BALANCED",1515,30,56,1,1,2,8,3,FALSE,-6.21584326055317,0.405236127308425,-6.44084664882963,0.613521080330617,-6.21504006576185,0.691860376535104,0.225003388276462,-0.00080319479132207,-0.225806583067784
"WST",10,"kappa_0.3","app_sparse_hetero",7,"WST_heteroSparse",2.96291897812002,"BALANCED",1516,31,56,0,0,0,7,3,FALSE,-0.473969401479765,-0.0451605340943502,-0.638419741248923,-0.00759862091469418,-0.682142422782422,0.124627848647839,0.164450339769158,0.208173021302657,0.0437226815334988
"WST",10,"kappa_0.3","app_sparse_hetero",7,"WST_heteroSparse",2.96291897812002,"BALANCED",1517,32,56,0,2,2,4,3,FALSE,-2.0759405674455,0.403627844625599,-2.14958322543447,0.383003978647111,-2.21040577951056,0.808205728993433,0.0736426579889722,0.134465212065058,0.0608225540760863
"WST",10,"kappa_0.3","app_sparse_hetero",7,"WST_heteroSparse",2.96291897812002,"BALANCED",1518,33,56,0,3,3,4,3,FALSE,-3.50981085262983,0.231518707646695,-3.62540303739908,0.440053990509408,-3.64265146924893,0.161144230253758,0.115592184769251,0.132840616619105,0.017248431849854
"WST",10,"kappa_0.3","app_sparse_hetero",7,"WST_heteroSparse",2.96291897812002,"BALANCED",1519,34,56,0,0,0,6,3,FALSE,-0.437809354514231,0.0985381568481295,-0.377013998943877,0.14258403349943,-0.515099621283184,0.223198880103299,-0.0607953555703542,0.0772902667689532,0.138085622339307
"WST",10,"kappa_0.3","app_sparse_hetero",7,"WST_heteroSparse",2.96291897812002,"BALANCED",1520,35,56,0,0,0,3,3,TRUE,-0.401612936478761,0.287773223552224,-0.416636851897753,0.219731139749381,-0.416485623594999,0.333323487468165,0.0150239154189915,0.0148726871162381,-0.000151228302753381
"WST",10,"kappa_0.3","app_sparse_hetero",7,"WST_heteroSparse",2.96291897812002,"BALANCED",1521,36,56,0,0,0,5,3,FALSE,-0.541902051990613,0.174452135660318,-0.533267925716341,0.235931661521241,-0.530382236695486,0.148023944745966,-0.00863412627427174,-0.0115198152951272,-0.00288568902085551
"WST",10,"kappa_0.3","app_sparse_hetero",7,"WST_heteroSparse",2.96291897812002,"BALANCED",1522,37,56,0,0,0,7,3,FALSE,-0.370328384909493,0.155837996370954,-0.367106657964396,0.301963676822735,-0.510936067614944,0.181399981111908,-0.00322172694509781,0.140607682705451,0.143829409650548
"WST",10,"kappa_0.3","app_sparse_hetero",7,"WST_heteroSparse",2.96291897812002,"BALANCED",1523,38,56,0,0,0,9,3,FALSE,-0.285141948082249,0.124942574332799,-0.362899839027008,0.13924631275015,-0.458010599442488,0.118158683705115,0.0777578909447589,0.172868651360239,0.09511076041548
"WST",10,"kappa_0.3","app_sparse_hetero",7,"WST_heteroSparse",2.96291897812002,"BALANCED",1524,39,56,0,1,1,8,3,FALSE,-1.45249436136496,0.247287716534115,-1.46326134774977,-0.0622320339257479,-1.54438341014519,0.106055518795448,0.0107669863848159,0.0918890487802289,0.081122062395413
"WST",10,"kappa_0.3","app_sparse_hetero",7,"WST_heteroSparse",2.96291897812002,"BALANCED",1525,40,56,0,1,1,10,3,FALSE,-1.08383203189407,0.308138478977688,-1.10653924044539,0.0371333784179845,-1.15640077085743,0.133083916134383,0.0227072085513154,0.0725687389633558,0.0498615304120404
"WST",10,"kappa_0.3","app_sparse_hetero",7,"WST_heteroSparse",2.96291897812002,"BALANCED",1526,41,56,0,0,0,6,3,FALSE,-0.458238304578154,0.174559991892774,-0.41818911309417,0.094637488011404,-0.557298438964503,0.168099258479872,-0.0400491914839831,0.0990601343863498,0.139109325870333
"WST",10,"kappa_0.3","app_sparse_hetero",7,"WST_heteroSparse",2.96291897812002,"BALANCED",1527,42,56,0,0,0,1,3,FALSE,-0.459946253357089,-0.0249198233307876,-0.491820275821803,0.140584795727172,-0.517734024941271,0.0103620945875425,0.0318740224647147,0.0577877715841826,0.0259137491194679
"WST",10,"kappa_0.3","app_sparse_hetero",7,"WST_heteroSparse",2.96291897812002,"BALANCED",1528,43,56,0,2,2,4,3,FALSE,-2.19379781739814,0.245049939567893,-2.26217897474648,0.286887085308382,-2.2603372213035,0.446894818801266,0.0683811573483402,0.0665394039053657,-0.00184175344297444
"WST",10,"kappa_0.3","app_sparse_hetero",7,"WST_heteroSparse",2.96291897812002,"BALANCED",1529,44,56,0,0,0,9,3,FALSE,-0.449089947734794,0.341625100433219,-0.490330796493883,0.142903752274705,-0.617928643800912,0.264476175468605,0.0412408487590898,0.168838696066119,0.127597847307029
"WST",10,"kappa_0.3","app_sparse_hetero",7,"WST_heteroSparse",2.96291897812002,"BALANCED",1530,45,56,0,0,0,2,3,FALSE,-0.517982877164428,0.103902101688487,-0.53778140666002,0.225623049991171,-0.519058227570915,0.213903854261544,0.019798529495592,0.0010753504064871,-0.0187231790891049
"WST",10,"kappa_0.3","app_sparse_hetero",7,"WST_heteroSparse",2.96291897812002,"BALANCED",1531,46,56,0,0,0,6,3,FALSE,-0.464518217909268,0.346048580248417,-0.474275351672102,0.053665242609094,-0.491773375647926,0.67219959666023,0.00975713376283416,0.0272551577386588,0.0174980239758247
"WST",10,"kappa_0.3","app_sparse_hetero",7,"WST_heteroSparse",2.96291897812002,"BALANCED",1532,47,56,0,1,1,10,3,FALSE,-1.28648069488913,0.584826770392647,-1.3437146623021,0.128712957951556,-1.4654003640864,-0.0330488639703998,0.0572339674129676,0.178919669197271,0.121685701784304
"WST",10,"kappa_0.3","app_sparse_hetero",7,"WST_heteroSparse",2.96291897812002,"BALANCED",1533,48,56,0,0,0,4,3,FALSE,-0.987489864515533,0.19238380632514,-0.96117341413034,-0.158420888213796,-0.926905073560635,0.0879768227861539,-0.0263164503851927,-0.0605847909548975,-0.0342683405697048
"WST",10,"kappa_0.3","app_sparse_hetero",7,"WST_heteroSparse",2.96291897812002,"BALANCED",1534,49,56,0,1,1,10,3,FALSE,-1.16193067175298,-0.067500989070288,-1.15833271447184,0.0370549840155229,-1.30242885188715,0.0176039513603236,-0.00359795728113976,0.140498180134168,0.144096137415308
"WST",10,"kappa_0.3","app_sparse_hetero",7,"WST_heteroSparse",2.96291897812002,"BALANCED",1535,50,56,0,1,1,8,3,FALSE,-1.1828641648533,0.248119254638034,-1.15409145225127,0.380515764678243,-1.24879117834498,-0.0140735639784641,-0.0287727126020378,0.065927013491681,0.0946997260937188
"WST",10,"kappa_0.3","app_sparse_hetero",7,"WST_heteroSparse",2.96291897812002,"BALANCED",1536,51,56,0,3,3,7,3,FALSE,-4.47879260875823,0.487369252956546,-4.34886086962314,0.469213820333156,-4.1676661353714,0.19800881132457,-0.129931739135089,-0.311126473386829,-0.18119473425174
"WST",10,"kappa_0.3","app_sparse_hetero",7,"WST_heteroSparse",2.96291897812002,"BALANCED",1537,52,56,0,0,0,10,3,FALSE,-0.691447825256026,0.207441128432143,-0.630843933625291,0.231376407864994,-0.479842628739108,0.0806195050578402,-0.060603891630735,-0.211605196516919,-0.151001304886184
"WST",10,"kappa_0.3","app_sparse_hetero",7,"WST_heteroSparse",2.96291897812002,"BALANCED",1538,53,56,0,0,0,3,3,TRUE,-0.218937023372182,0.285900803575562,-0.215384153618603,0.0456378707661119,-0.223696712868332,0.206759387995956,-0.00355286975357849,0.00475968949614991,0.0083125592497284
"WST",10,"kappa_0.3","app_sparse_hetero",7,"WST_heteroSparse",2.96291897812002,"BALANCED",1539,54,56,0,0,0,5,3,FALSE,-0.779654244899754,0.129962601584187,-0.800811052563872,0.135257555782361,-0.806762402111698,0.0698795208939427,0.0211568076641182,0.027108157211944,0.00595134954782583
"WST",10,"kappa_0.3","app_sparse_hetero",7,"WST_heteroSparse",2.96291897812002,"BALANCED",1540,55,56,0,3,3,8,3,FALSE,-3.53963182390606,0.141121833705685,-3.43747458207325,0.416226773957223,-3.84927863038319,0.35129492147096,-0.102157241832815,0.309646806477127,0.411804048309942
"WST",10,"kappa_0.3","app_sparse_hetero",7,"WST_heteroSparse",2.96291897812002,"BALANCED",1541,1,57,0,0,0,2,2,TRUE,-0.243786021959091,0.0596605593469114,-0.215041679381443,0.31330737207111,-0.217612283602443,0.5347875521608,-0.0287443425776477,-0.0261737383566478,0.00257060422099986
"WST",10,"kappa_0.3","app_sparse_hetero",7,"WST_heteroSparse",2.96291897812002,"BALANCED",1542,2,57,0,0,0,9,2,FALSE,-0.376331214686201,0.239927611688131,-0.365661246723743,0.238831911229603,-0.424578630270361,0.195643095982165,-0.0106699679624578,0.0482474155841599,0.0589173835466177
"WST",10,"kappa_0.3","app_sparse_hetero",7,"WST_heteroSparse",2.96291897812002,"BALANCED",1543,3,57,0,0,0,1,2,FALSE,-0.272129320701046,0.0874061869229886,-0.240795273170688,0.12122947216525,-0.240302306700206,0.0937556816503945,-0.0313340475303576,-0.0318270140008394,-0.000492966470481804
"WST",10,"kappa_0.3","app_sparse_hetero",7,"WST_heteroSparse",2.96291897812002,"BALANCED",1544,4,57,0,0,0,8,2,FALSE,-0.366786269705519,0.173094624486974,-0.441331075636613,0.11094200604721,-0.368832502097924,0.0855568948237598,0.0745448059310947,0.00204623239240487,-0.0724985735386898
"WST",10,"kappa_0.3","app_sparse_hetero",7,"WST_heteroSparse",2.96291897812002,"BALANCED",1545,5,57,0,0,0,7,2,FALSE,-0.381821764502378,0.246007989727153,-0.426790385786522,0.126429828906187,-0.403124207112179,-0.0290437140259925,0.044968621284144,0.0213024426098007,-0.0236661786743433
"WST",10,"kappa_0.3","app_sparse_hetero",7,"WST_heteroSparse",2.96291897812002,"BALANCED",1546,6,57,0,1,1,4,2,FALSE,-1.24099338603488,0.222231921719117,-1.15897013008662,0.350775975564135,-1.16931176840276,0.528033568579825,-0.0820232559482559,-0.0716816176321124,0.0103416383161434
"WST",10,"kappa_0.3","app_sparse_hetero",7,"WST_heteroSparse",2.96291897812002,"BALANCED",1547,7,57,0,0,0,6,2,FALSE,-0.319025934641602,0.417416147725321,-0.273577905636397,0.189038288487169,-0.370518432141404,0.00748522828678919,-0.0454480290052048,0.0514924974998019,0.0969405265050067
"WST",10,"kappa_0.3","app_sparse_hetero",7,"WST_heteroSparse",2.96291897812002,"BALANCED",1548,8,57,0,1,1,9,2,FALSE,-1.96364866125113,0.164149615800039,-1.86473544509914,0.0499998743411135,-1.71538786625512,0.130657863339112,-0.0989132161519901,-0.248260794996008,-0.149347578844018
"WST",10,"kappa_0.3","app_sparse_hetero",7,"WST_heteroSparse",2.96291897812002,"BALANCED",1549,9,57,0,1,1,3,2,FALSE,-2.2952043309802,0.348103891474395,-2.37215069101916,0.237008777647975,-2.48025810150148,-0.0554403840362803,0.0769463600389635,0.185053770521278,0.108107410482314
"WST",10,"kappa_0.3","app_sparse_hetero",7,"WST_heteroSparse",2.96291897812002,"BALANCED",1550,10,57,0,0,0,3,2,FALSE,-0.255582324553428,0.393478668665368,-0.255620303706633,0.398954260275218,-0.2434746821928,0.0902621436392071,3.79791532045815e-05,-0.0121076423606281,-0.0121456215138327
"WST",10,"kappa_0.3","app_sparse_hetero",7,"WST_heteroSparse",2.96291897812002,"BALANCED",1551,11,57,0,1,1,9,2,FALSE,-1.744083030961,0.243704462011926,-1.64836526422248,0.491857604046,-1.50147863045435,0.00775237926670867,-0.0957177667385212,-0.242604400506652,-0.146886633768131
"WST",10,"kappa_0.3","app_sparse_hetero",7,"WST_heteroSparse",2.96291897812002,"BALANCED",1552,12,57,0,1,1,6,2,FALSE,-1.69976229003869,0.364611394497509,-1.550998662039,0.198181653228146,-1.56116595181638,0.153355282217802,-0.148763627999687,-0.138596338222309,0.0101672897773772
"WST",10,"kappa_0.3","app_sparse_hetero",7,"WST_heteroSparse",2.96291897812002,"BALANCED",1553,13,57,0,0,0,7,2,FALSE,-0.32808540014087,0.0477067921679029,-0.385020637773204,0.306452115064725,-0.331447919910699,0.265983465463945,0.0569352376323344,0.00336251976982993,-0.0535727178625045
"WST",10,"kappa_0.3","app_sparse_hetero",7,"WST_heteroSparse",2.96291897812002,"BALANCED",1554,14,57,1,0,1,1,2,FALSE,-1.86959500920005,0.482270835763493,-1.80090666810943,0.25638325367947,-1.74255574046759,0.054431761843848,-0.0686883410906214,-0.127039268732458,-0.058350927641837
"WST",10,"kappa_0.3","app_sparse_hetero",7,"WST_heteroSparse",2.96291897812002,"BALANCED",1555,15,57,0,0,0,5,2,FALSE,-0.477868216690712,0.0787658375770411,-0.512142276816253,0.235732073761391,-0.485893661350658,0.118854369391486,0.0342740601255409,0.00802544465994526,-0.0262486154655956
"WST",10,"kappa_0.3","app_sparse_hetero",7,"WST_heteroSparse",2.96291897812002,"BALANCED",1556,16,57,0,1,1,10,2,FALSE,-1.37534659009714,0.0440756949500851,-1.2917916688391,0.0443327653950528,-1.46975186562688,0.0487794938396407,-0.0835549212580409,0.0944052755297351,0.177960196787776
"WST",10,"kappa_0.3","app_sparse_hetero",7,"WST_heteroSparse",2.96291897812002,"BALANCED",1557,17,57,0,1,1,5,2,FALSE,-1.35590988534847,0.0880245127626227,-1.25169209354722,0.270052320291844,-1.27187313679762,0.504612660985799,-0.104217791801252,-0.0840367485508509,0.0201810432504015
"WST",10,"kappa_0.3","app_sparse_hetero",7,"WST_heteroSparse",2.96291897812002,"BALANCED",1558,18,57,0,0,0,9,2,FALSE,-0.266889521496751,0.0651158028504209,-0.260831697383374,0.173351920193925,-0.306231830386865,0.0774898517034071,-0.00605782411337774,0.0393423088901139,0.0454001330034917
"WST",10,"kappa_0.3","app_sparse_hetero",7,"WST_heteroSparse",2.96291897812002,"BALANCED",1559,19,57,0,0,0,8,2,FALSE,-0.408799677493091,0.161530150764266,-0.392339115334064,-0.0185860872270738,-0.407199863638859,0.119000693367357,-0.0164605621590272,-0.00159981385423169,0.0148607483047956
"WST",10,"kappa_0.3","app_sparse_hetero",7,"WST_heteroSparse",2.96291897812002,"BALANCED",1560,20,57,0,0,0,1,2,FALSE,-0.333786085959911,0.350454448874805,-0.292269651484276,0.248051366124793,-0.318485712886888,0.197780773054375,-0.0415164344756347,-0.015300373073023,0.0262160614026117
"WST",10,"kappa_0.3","app_sparse_hetero",7,"WST_heteroSparse",2.96291897812002,"BALANCED",1561,21,57,0,0,0,1,2,FALSE,-0.31676871177976,0.183782345067159,-0.283992227801316,0.230563992237402,-0.316615308486652,0.276627823935378,-0.0327764839784441,-0.000153403293108312,0.0326230806853358
"WST",10,"kappa_0.3","app_sparse_hetero",7,"WST_heteroSparse",2.96291897812002,"BALANCED",1562,22,57,0,0,0,7,2,FALSE,-0.255414715495356,0.0857304930273772,-0.242925058795845,0.142971867784001,-0.30881891835321,0.00218287043912227,-0.0124896566995112,0.0534042028578536,0.0658938595573648
"WST",10,"kappa_0.3","app_sparse_hetero",7,"WST_heteroSparse",2.96291897812002,"BALANCED",1563,23,57,0,0,0,5,2,FALSE,-0.474488402725143,0.194903999830042,-0.505136417830245,-0.095857498099989,-0.492239265584314,0.13908527191013,0.0306480151051023,0.0177508628591712,-0.0128971522459311
"WST",10,"kappa_0.3","app_sparse_hetero",7,"WST_heteroSparse",2.96291897812002,"BALANCED",1564,24,57,0,0,0,1,2,FALSE,-0.396445649146056,0.301472344970197,-0.335105427239945,0.175387681997829,-0.364033428408264,0.320213895257768,-0.0613402219061108,-0.0324122207377924,0.0289280011683184
"WST",10,"kappa_0.3","app_sparse_hetero",7,"WST_heteroSparse",2.96291897812002,"BALANCED",1565,25,57,0,0,0,10,2,FALSE,-0.2922408143844,0.23702616545675,-0.322694260001709,0.0908815557167436,-0.247973839888723,-0.096028925833848,0.0304534456173089,-0.0442669744956774,-0.0747204201129863
"WST",10,"kappa_0.3","app_sparse_hetero",7,"WST_heteroSparse",2.96291897812002,"BALANCED",1566,26,57,0,0,0,2,2,TRUE,-0.340813643474487,0.0615551889059024,-0.321140246878414,0.519024472230422,-0.261800744099164,0.153516844867702,-0.0196733965960725,-0.0790128993753232,-0.0593395027792507
"WST",10,"kappa_0.3","app_sparse_hetero",7,"WST_heteroSparse",2.96291897812002,"BALANCED",1567,27,57,0,0,0,2,2,TRUE,-0.2348677354396,0.147603060780442,-0.21316852146858,0.514478407006471,-0.17861701402736,0.125197960730561,-0.0216992139710204,-0.0562507214122405,-0.0345515074412202
"WST",10,"kappa_0.3","app_sparse_hetero",7,"WST_heteroSparse",2.96291897812002,"BALANCED",1568,28,57,0,0,0,6,2,FALSE,-0.292288938599193,0.104419591973271,-0.254303446259987,0.318430655106979,-0.335012146109279,0.203725289392347,-0.0379854923392058,0.0427232075100861,0.0807086998492919
"WST",10,"kappa_0.3","app_sparse_hetero",7,"WST_heteroSparse",2.96291897812002,"BALANCED",1569,29,57,0,0,0,7,2,FALSE,-0.290491307576013,0.102443006271454,-0.29019501642671,-0.0977860529884736,-0.327439575621905,0.23348917810771,-0.000296291149303407,0.0369482680458919,0.0372445591951953
"WST",10,"kappa_0.3","app_sparse_hetero",7,"WST_heteroSparse",2.96291897812002,"BALANCED",1570,30,57,0,0,0,8,2,FALSE,-0.279170867993523,0.107401523108258,-0.278895301186726,0.0872467927390822,-0.316612842215495,-0.0890003080586307,-0.0002755668067973,0.0374419742219718,0.0377175410287691
"WST",10,"kappa_0.3","app_sparse_hetero",7,"WST_heteroSparse",2.96291897812002,"BALANCED",1571,31,57,0,0,0,7,2,FALSE,-0.343745758043918,-0.0455313411023515,-0.429972367154943,0.0958015304738506,-0.44872870052261,0.0581716743916603,0.0862266091110246,0.104982942478691,0.0187563333676666
"WST",10,"kappa_0.3","app_sparse_hetero",7,"WST_heteroSparse",2.96291897812002,"BALANCED",1572,32,57,0,1,1,4,2,FALSE,-1.35148518222114,0.196825641025683,-1.26358120221262,0.201652251051861,-1.28950915751633,0.645415034527166,-0.087903980008516,-0.0619760247048085,0.0259279553037075
"WST",10,"kappa_0.3","app_sparse_hetero",7,"WST_heteroSparse",2.96291897812002,"BALANCED",1573,33,57,0,1,1,4,2,FALSE,-1.34653533552832,0.425951443095578,-1.25491675676961,0.198190067136051,-1.26381598111438,0.356182585594206,-0.0916185787587089,-0.0827193544139417,0.0088992243447672
"WST",10,"kappa_0.3","app_sparse_hetero",7,"WST_heteroSparse",2.96291897812002,"BALANCED",1574,34,57,0,0,0,6,2,FALSE,-0.285218695595596,0.12031196072278,-0.257517467574126,0.155443316602533,-0.3391366311007,-0.0119177409731943,-0.0277012280214697,0.0539179355051047,0.0816191635265744
"WST",10,"kappa_0.3","app_sparse_hetero",7,"WST_heteroSparse",2.96291897812002,"BALANCED",1575,35,57,0,0,0,3,2,FALSE,-0.293196921619446,0.197493160242868,-0.296648668028149,0.117327104177404,-0.275993220247043,0.22377062674006,0.00345174640870294,-0.0172037013724031,-0.0206554477811061
"WST",10,"kappa_0.3","app_sparse_hetero",7,"WST_heteroSparse",2.96291897812002,"BALANCED",1576,36,57,0,3,3,5,2,FALSE,-6.83510682775017,0.505867437066194,-6.30503053006724,0.392423517433811,-6.25682355935929,0.34869452983129,-0.53007629768293,-0.578283268390872,-0.048206970707942
"WST",10,"kappa_0.3","app_sparse_hetero",7,"WST_heteroSparse",2.96291897812002,"BALANCED",1577,37,57,0,0,0,7,2,FALSE,-0.287566140485496,0.0811405939498562,-0.254944520276404,0.125223027656038,-0.338771287695084,0.109358728441448,-0.0326216202090919,0.051205147209588,0.0838267674186799
"WST",10,"kappa_0.3","app_sparse_hetero",7,"WST_heteroSparse",2.96291897812002,"BALANCED",1578,38,57,0,0,0,9,2,FALSE,-0.26187208930362,0.0183886141322907,-0.269497488758391,0.0770368349557046,-0.303957816665057,0.249264467602269,0.00762539945477148,0.042085727361437,0.0344603279066655
"WST",10,"kappa_0.3","app_sparse_hetero",7,"WST_heteroSparse",2.96291897812002,"BALANCED",1579,39,57,0,0,0,8,2,FALSE,-0.255416564731802,-0.126752949489046,-0.267478859988383,0.190238148796081,-0.244316369422729,0.689792650787797,0.0120622952565812,-0.0111001953090728,-0.023162490565654
"WST",10,"kappa_0.3","app_sparse_hetero",7,"WST_heteroSparse",2.96291897812002,"BALANCED",1580,40,57,0,1,1,10,2,FALSE,-1.28320891865948,0.500557904536294,-1.2515748224783,0.197570568173948,-1.36219417196205,0.215965897764841,-0.0316340961811781,0.0789852533025748,0.110619349483753
"WST",10,"kappa_0.3","app_sparse_hetero",7,"WST_heteroSparse",2.96291897812002,"BALANCED",1581,41,57,0,0,0,6,2,FALSE,-0.318627534913956,0.00969447553157873,-0.284204083630725,0.0698088578861456,-0.367022776820147,0.130731307587748,-0.0344234512832307,0.0483952419061913,0.0828186931894219
"WST",10,"kappa_0.3","app_sparse_hetero",7,"WST_heteroSparse",2.96291897812002,"BALANCED",1582,42,57,0,0,0,1,2,FALSE,-0.362536513759262,0.340575374028549,-0.320389553739657,0.0527976063364129,-0.346473278281095,0.45610003270565,-0.0421469600196049,-0.0160632354781676,0.0260837245414374
"WST",10,"kappa_0.3","app_sparse_hetero",7,"WST_heteroSparse",2.96291897812002,"BALANCED",1583,43,57,0,0,0,4,2,FALSE,-0.502556018605493,0.189573776421895,-0.538994670700511,0.0248171926910002,-0.519128329136331,0.0347310303758969,0.0364386520950175,0.0165723105308375,-0.01986634156418
"WST",10,"kappa_0.3","app_sparse_hetero",7,"WST_heteroSparse",2.96291897812002,"BALANCED",1584,44,57,0,0,0,9,2,FALSE,-0.403134509000004,0.536535073964969,-0.364278513859627,0.122068932968423,-0.408067179154904,0.457308038287447,-0.038855995140378,0.00493267015489973,0.0437886652952777
"WST",10,"kappa_0.3","app_sparse_hetero",7,"WST_heteroSparse",2.96291897812002,"BALANCED",1585,45,57,0,1,1,2,2,TRUE,-2.38907683959648,1.03302598434579,-2.42430215848922,1.3692161097816,-2.32701911740592,0.56777614202079,0.035225318892742,-0.0620577221905538,-0.0972830410832959
"WST",10,"kappa_0.3","app_sparse_hetero",7,"WST_heteroSparse",2.96291897812002,"BALANCED",1586,46,57,0,0,0,6,2,FALSE,-0.296121583693164,0.205563357623081,-0.312962078563107,0.173150293576264,-0.318600332114292,0.709094576822253,0.0168404948699425,0.0224787484211273,0.00563825355118475
"WST",10,"kappa_0.3","app_sparse_hetero",7,"WST_heteroSparse",2.96291897812002,"BALANCED",1587,47,57,0,1,1,10,2,FALSE,-1.63464763181262,0.328951951129538,-1.60279833161612,0.0799948253615499,-1.76109652726846,0.12461255672179,-0.0318493001965034,0.126448895455836,0.15829819565234
"WST",10,"kappa_0.3","app_sparse_hetero",7,"WST_heteroSparse",2.96291897812002,"BALANCED",1588,48,57,0,0,0,4,2,FALSE,-0.591599140203797,0.252185857127337,-0.62863548551763,0.255330124176556,-0.608542297845521,0.271687832474595,0.0370363453138332,0.0169431576417249,-0.0200931876721082
"WST",10,"kappa_0.3","app_sparse_hetero",7,"WST_heteroSparse",2.96291897812002,"BALANCED",1589,49,57,0,1,1,10,2,FALSE,-1.46970329385045,-0.0087158387019694,-1.38159289217109,0.0689651128588688,-1.55722548558112,0.219372957843369,-0.0881104016793541,0.0875221917306765,0.175632593410031
"WST",10,"kappa_0.3","app_sparse_hetero",7,"WST_heteroSparse",2.96291897812002,"BALANCED",1590,50,57,0,1,1,8,2,FALSE,-1.44260035045626,0.320717708107946,-1.33367116004734,0.313171879518136,-1.48081335280436,-0.013462114552122,-0.10892919040892,0.0382130023480984,0.147142192757019
"WST",10,"kappa_0.3","app_sparse_hetero",7,"WST_heteroSparse",2.96291897812002,"BALANCED",1591,51,57,0,0,0,7,2,FALSE,-0.444336591373758,0.230596018436891,-0.474927145002764,0.0355025493894195,-0.452949405135983,0.0291775269617698,0.0305905536290059,0.008612813762225,-0.0219777398667809
"WST",10,"kappa_0.3","app_sparse_hetero",7,"WST_heteroSparse",2.96291897812002,"BALANCED",1592,52,57,0,0,0,10,2,FALSE,-0.410763829360847,0.145036919430976,-0.40230324703921,0.173323338960613,-0.315625623867498,0.277757153803823,-0.0084605823216366,-0.095138205493349,-0.0866776231717123
"WST",10,"kappa_0.3","app_sparse_hetero",7,"WST_heteroSparse",2.96291897812002,"BALANCED",1593,53,57,0,0,0,3,2,FALSE,-0.180031147898007,0.325849244325794,-0.166478171297574,0.542407042854765,-0.149686618853917,0.272619867671811,-0.0135529766004332,-0.0303445290440907,-0.0167915524436575
"WST",10,"kappa_0.3","app_sparse_hetero",7,"WST_heteroSparse",2.96291897812002,"BALANCED",1594,54,57,1,0,1,5,2,FALSE,-4.12822488178413,0.181760115454362,-4.03259242837714,0.183975438479128,-4.2504065237078,0.347687653461922,-0.0956324534069948,0.12218164192367,0.217814095330665
"WST",10,"kappa_0.3","app_sparse_hetero",7,"WST_heteroSparse",2.96291897812002,"BALANCED",1595,55,57,1,1,2,8,2,FALSE,-4.80960729583398,0.319632428747009,-5.28643451817297,0.623549802281676,-5.20974746567667,0.185187201886179,0.476827222338991,0.400140169842684,-0.0766870524963066
"WST",10,"kappa_0.3","app_sparse_hetero",7,"WST_heteroSparse",2.96291897812002,"BALANCED",1596,56,57,0,1,1,3,2,FALSE,-2.00532773420395,0.276736887580698,-2.07323458106373,0.400603367232551,-2.17346922979315,0.113237006290427,0.0679068468597706,0.168141495589198,0.100234648729428
"WST",10,"kappa_0.3","app_sparse_hetero",7,"WST_heteroSparse",2.96291897812002,"BALANCED",1597,1,58,0,0,0,2,8,FALSE,-0.25193576390607,0.238996205724738,-0.264990827148039,0.196267948568437,-0.285357153133853,0.174907269002173,0.0130550632419686,0.033421389227783,0.0203663259858144
"WST",10,"kappa_0.3","app_sparse_hetero",7,"WST_heteroSparse",2.96291897812002,"BALANCED",1598,2,58,0,0,0,9,8,FALSE,-0.210611186704521,0.1126467978166,-0.219332516329877,0.305845082111654,-0.255383961750307,0.0735559317091692,0.00872132962535588,0.0447727750457858,0.0360514454204299
"WST",10,"kappa_0.3","app_sparse_hetero",7,"WST_heteroSparse",2.96291897812002,"BALANCED",1599,3,58,0,0,0,1,8,FALSE,-0.245875544627076,0.254657184485317,-0.25915506509349,-0.0307250808194516,-0.315262940624228,0.183399328996923,0.0132795204664138,0.0693873959971523,0.0561078755307385
"WST",10,"kappa_0.3","app_sparse_hetero",7,"WST_heteroSparse",2.96291897812002,"BALANCED",1600,4,58,0,0,0,8,8,TRUE,-0.158359314107763,0.106619781303755,-0.148646181854621,0.257928178389654,-0.212739767215697,0.211118586454617,-0.00971313225314141,0.0543804531079344,0.0640935853610758
"WST",10,"kappa_0.3","app_sparse_hetero",7,"WST_heteroSparse",2.96291897812002,"BALANCED",1601,5,58,0,0,0,7,8,FALSE,-0.201459469257281,0.28286175363686,-0.192296309556301,0.306449603249455,-0.230364986048614,0.226029372403573,-0.00916315970097958,0.0289055167913332,0.0380686764923128
"WST",10,"kappa_0.3","app_sparse_hetero",7,"WST_heteroSparse",2.96291897812002,"BALANCED",1602,6,58,3,0,3,4,8,FALSE,-5.18693773781375,0.173454981073352,-5.35911357669289,0.319316958218146,-5.67165187553597,0.0730007143022439,0.172175838879131,0.484714137722214,0.312538298843084
"WST",10,"kappa_0.3","app_sparse_hetero",7,"WST_heteroSparse",2.96291897812002,"BALANCED",1603,7,58,1,0,1,6,8,FALSE,-2.12778878599809,0.00670137026606439,-2.11923556084831,0.136999120915955,-2.45320154744515,0.0780210475182977,-0.00855322514978152,0.325412761447065,0.333965986596846
"WST",10,"kappa_0.3","app_sparse_hetero",7,"WST_heteroSparse",2.96291897812002,"BALANCED",1604,8,58,0,0,0,9,8,FALSE,-0.131310220612645,0.233150689634089,-0.142784623005803,0.256731283044417,-0.16317915256416,0.407400802594145,0.0114744023931586,0.0318689319515153,0.0203945295583567
"WST",10,"kappa_0.3","app_sparse_hetero",7,"WST_heteroSparse",2.96291897812002,"BALANCED",1605,9,58,0,0,0,3,8,FALSE,-0.446179121517487,0.156866815621439,-0.42117123872071,0.328924016242759,-0.335005510787233,0.282225460688164,-0.0250078827967766,-0.111173610730254,-0.0861657279334773
"WST",10,"kappa_0.3","app_sparse_hetero",7,"WST_heteroSparse",2.96291897812002,"BALANCED",1606,10,58,1,0,1,3,8,FALSE,-1.41048270968417,0.514500085890861,-1.46538645746833,0.33743605987046,-1.54486605462613,0.128678542611244,0.0549037477841647,0.134383344941967,0.0794795971578024
"WST",10,"kappa_0.3","app_sparse_hetero",7,"WST_heteroSparse",2.96291897812002,"BALANCED",1607,11,58,0,0,0,9,8,FALSE,-0.177669453388935,0.208357338361098,-0.18929800403123,0.175842261423227,-0.214458624993731,-0.0420794770719487,0.0116285506422944,0.0367891716047959,0.0251606209625015
"WST",10,"kappa_0.3","app_sparse_hetero",7,"WST_heteroSparse",2.96291897812002,"BALANCED",1608,12,58,0,0,0,6,8,FALSE,-0.190559103911429,-0.00607165324974913,-0.174482144824589,0.22888475632437,-0.195019338953506,0.122663305676555,-0.0160769590868401,0.00446023504207727,0.0205371941289174
"WST",10,"kappa_0.3","app_sparse_hetero",7,"WST_heteroSparse",2.96291897812002,"BALANCED",1609,13,58,0,0,0,7,8,FALSE,-0.149659171515702,0.48552391687557,-0.138753316975611,0.210379708944592,-0.188142152091788,0.240195588019509,-0.0109058545400913,0.0384829805760862,0.0493888351161775
"WST",10,"kappa_0.3","app_sparse_hetero",7,"WST_heteroSparse",2.96291897812002,"BALANCED",1610,14,58,0,0,0,1,8,FALSE,-0.266715656607077,0.3313201002127,-0.282687064544851,0.0822807572066852,-0.349712897500246,0.411059830701436,0.0159714079377746,0.0829972408931692,0.0670258329553945
"WST",10,"kappa_0.3","app_sparse_hetero",7,"WST_heteroSparse",2.96291897812002,"BALANCED",1611,15,58,2,0,2,5,8,FALSE,-3.67825036101903,0.224855752893183,-3.81646681486288,0.265075286686777,-4.0952706805892,0.475011660660392,0.138216453843851,0.417020319570166,0.278803865726315
"WST",10,"kappa_0.3","app_sparse_hetero",7,"WST_heteroSparse",2.96291897812002,"BALANCED",1612,16,58,0,0,0,10,8,FALSE,-0.176943227628733,0.0181246528259507,-0.156190366088158,0.269759075671517,-0.219436885253422,0.324185196080421,-0.0207528615405757,0.0424936576246884,0.063246519165264
"WST",10,"kappa_0.3","app_sparse_hetero",7,"WST_heteroSparse",2.96291897812002,"BALANCED",1613,17,58,1,0,1,5,8,FALSE,-1.49360218392017,0.0790953683370972,-1.52823843064614,0.394347011566366,-1.62379457516854,0.145668539734588,0.0346362467259693,0.130192391248366,0.0955561445223969
"WST",10,"kappa_0.3","app_sparse_hetero",7,"WST_heteroSparse",2.96291897812002,"BALANCED",1614,18,58,0,0,0,9,8,FALSE,-0.150395182247012,0.101853070123238,-0.156732030064052,0.183475108059656,-0.183717814283632,-0.0892432090477159,0.00633684781704069,0.0333226320366204,0.0269857842195798
"WST",10,"kappa_0.3","app_sparse_hetero",7,"WST_heteroSparse",2.96291897812002,"BALANCED",1615,19,58,0,0,0,8,8,TRUE,-0.224253416405126,0.25819971837909,-0.218405933419183,0.0585349615988287,-0.228888040698107,0.203553465546578,-0.00584748298594207,0.00463462429298112,0.0104821072789232
"WST",10,"kappa_0.3","app_sparse_hetero",7,"WST_heteroSparse",2.96291897812002,"BALANCED",1616,20,58,0,0,0,1,8,FALSE,-0.272737412247594,0.108988791051164,-0.310995248508902,0.0554334925639868,-0.382671120039885,0.267295906658227,0.0382578362613089,0.109933707792291,0.0716758715309824
"WST",10,"kappa_0.3","app_sparse_hetero",7,"WST_heteroSparse",2.96291897812002,"BALANCED",1617,21,58,1,0,1,1,8,FALSE,-1.7488929809226,0.340528716250367,-1.62286169860006,0.0517317980225719,-1.57159405345584,0.147627918293319,-0.12603128232254,-0.177298927466761,-0.0512676451442209
"WST",10,"kappa_0.3","app_sparse_hetero",7,"WST_heteroSparse",2.96291897812002,"BALANCED",1618,22,58,0,0,0,7,8,FALSE,-0.161781055396683,0.148083865846197,-0.20481326842595,0.305498616568236,-0.18515336896763,0.398027042896494,0.0430322130292664,0.0233723135709472,-0.0196598994583193
"WST",10,"kappa_0.3","app_sparse_hetero",7,"WST_heteroSparse",2.96291897812002,"BALANCED",1619,23,58,0,0,0,5,8,FALSE,-0.344567538097642,0.31050302025306,-0.316260751371661,0.246154957995536,-0.28037171468776,0.274020364897229,-0.028306786725981,-0.0641958234098814,-0.0358890366839004
"WST",10,"kappa_0.3","app_sparse_hetero",7,"WST_heteroSparse",2.96291897812002,"BALANCED",1620,24,58,0,0,0,1,8,FALSE,-0.313942645788886,0.381486691986786,-0.35236453586514,0.142893259705615,-0.435260794448195,0.206719534714252,0.0384218900762541,0.121318148659308,0.0828962585830544
"WST",10,"kappa_0.3","app_sparse_hetero",7,"WST_heteroSparse",2.96291897812002,"BALANCED",1621,25,58,0,0,0,10,8,FALSE,-0.113272099046806,0.0208625291876588,-0.0969073380126657,0.38466125361622,-0.140872126949755,0.122951083136604,-0.01636476103414,0.0276000279029498,0.0439647889370898
"WST",10,"kappa_0.3","app_sparse_hetero",7,"WST_heteroSparse",2.96291897812002,"BALANCED",1622,26,58,0,0,0,2,8,FALSE,-0.434096446473165,0.130742844289777,-0.446239074906456,0.293579144878704,-0.377539703606802,0.112313283659028,0.0121426284332902,-0.0565567428663636,-0.0686993712996538
"WST",10,"kappa_0.3","app_sparse_hetero",7,"WST_heteroSparse",2.96291897812002,"BALANCED",1623,27,58,0,0,0,2,8,FALSE,-0.300287989139824,0.156564223772961,-0.299051423686115,0.225902621296608,-0.253284209519482,0.269650181453389,-0.0012365654537092,-0.0470037796203417,-0.0457672141666325
"WST",10,"kappa_0.3","app_sparse_hetero",7,"WST_heteroSparse",2.96291897812002,"BALANCED",1624,28,58,1,0,1,6,8,FALSE,-2.22859914703102,0.0887810012125759,-2.17253084413151,0.104018393017279,-2.54204331896093,0.114225476435284,-0.0560683028995195,0.313444171929909,0.369512474829429
"WST",10,"kappa_0.3","app_sparse_hetero",7,"WST_heteroSparse",2.96291897812002,"BALANCED",1625,29,58,1,0,1,7,8,FALSE,-2.44721719924566,0.16801282771599,-2.54124630824432,0.572545162250457,-2.69384534156252,0.970545823624514,0.0940291089986545,0.246628142316863,0.152599033318208
"WST",10,"kappa_0.3","app_sparse_hetero",7,"WST_heteroSparse",2.96291897812002,"BALANCED",1626,30,58,0,0,0,8,8,TRUE,-0.15878127032316,0.185880496878599,-0.169495293749011,0.406408983981744,-0.189990046788884,0.420999617982462,0.0107140234258516,0.0312087764657241,0.0204947530398725
"WST",10,"kappa_0.3","app_sparse_hetero",7,"WST_heteroSparse",2.96291897812002,"BALANCED",1627,31,58,0,0,0,7,8,FALSE,-0.223467358517693,0.0814337308696412,-0.281304989553818,0.294433144962014,-0.26121045215128,0.193193016304869,0.0578376310361248,0.037743093633587,-0.0200945374025379
"WST",10,"kappa_0.3","app_sparse_hetero",7,"WST_heteroSparse",2.96291897812002,"BALANCED",1628,32,58,0,0,0,4,8,FALSE,-0.412840506638313,0.100421571456401,-0.374117836862626,0.198475730417449,-0.316998009263721,0.233555179287612,-0.0387226697756864,-0.0958424973745915,-0.0571198275989051
"WST",10,"kappa_0.3","app_sparse_hetero",7,"WST_heteroSparse",2.96291897812002,"BALANCED",1629,33,58,0,0,0,4,8,FALSE,-0.403304496969657,0.216695910731883,-0.383495597625569,0.0719363295882629,-0.326471115627911,0.128618961259429,-0.0198088993440875,-0.0768333813417454,-0.057024481997658
"WST",10,"kappa_0.3","app_sparse_hetero",7,"WST_heteroSparse",2.96291897812002,"BALANCED",1630,34,58,0,0,0,6,8,FALSE,-0.177614866905358,0.318692742010249,-0.213546423128983,0.272972200700296,-0.195347543254199,0.19299007446122,0.0359315562236251,0.0177326763488406,-0.0181988798747845
"WST",10,"kappa_0.3","app_sparse_hetero",7,"WST_heteroSparse",2.96291897812002,"BALANCED",1631,35,58,0,0,0,3,8,FALSE,-0.537573509491574,-0.0819410943624003,-0.506994234329988,0.209751996816182,-0.394329991499316,0.0696758980383258,-0.0305792751615863,-0.143243517992258,-0.112664242830672
"WST",10,"kappa_0.3","app_sparse_hetero",7,"WST_heteroSparse",2.96291897812002,"BALANCED",1632,36,58,0,0,0,5,8,FALSE,-0.233607681781925,0.320968960254225,-0.22164382132239,0.107621068441404,-0.196518898246477,0.0883228564754779,-0.0119638604595353,-0.0370887835354479,-0.0251249230759125
"WST",10,"kappa_0.3","app_sparse_hetero",7,"WST_heteroSparse",2.96291897812002,"BALANCED",1633,37,58,0,0,0,7,8,FALSE,-0.209948986638559,0.131617386653491,-0.226574199328041,0.249590438243109,-0.199924497482106,0.0525316742105035,0.0166252126894824,-0.0100244891564527,-0.0266497018459351
"WST",10,"kappa_0.3","app_sparse_hetero",7,"WST_heteroSparse",2.96291897812002,"BALANCED",1634,38,58,0,0,0,9,8,FALSE,-0.150521949222981,0.109760293694422,-0.161232125960376,0.206995156341328,-0.182035708465408,0.121067741123184,0.0107101767373949,0.0315137592424266,0.0208035825050317
"WST",10,"kappa_0.3","app_sparse_hetero",7,"WST_heteroSparse",2.96291897812002,"BALANCED",1635,39,58,0,1,1,8,8,TRUE,-4.28524580141586,0.75088091772595,-4.29437943796512,0.276064320308983,-3.32429084784618,1.29025965342999,0.00913363654925892,-0.960954953569682,-0.970088590118941
"WST",10,"kappa_0.3","app_sparse_hetero",7,"WST_heteroSparse",2.96291897812002,"BALANCED",1636,40,58,0,0,0,10,8,FALSE,-0.241431845030918,0.295153897727673,-0.213940549231018,0.455942633148754,-0.264842221649582,0.0953117141745534,-0.0274912957998996,0.0234103766186644,0.050901672418564
"WST",10,"kappa_0.3","app_sparse_hetero",7,"WST_heteroSparse",2.96291897812002,"BALANCED",1637,41,58,0,0,0,6,8,FALSE,-0.204853513049913,0.254040566755628,-0.23240803159485,0.118717049445174,-0.207524888412962,0.189516944375403,0.0275545185449371,0.0026713753630494,-0.0248831431818877
"WST",10,"kappa_0.3","app_sparse_hetero",7,"WST_heteroSparse",2.96291897812002,"BALANCED",1638,42,58,0,0,0,1,8,FALSE,-0.30571021415419,0.218593531003988,-0.337206448935374,0.0784600377089464,-0.416781895663089,0.20423884135549,0.0314962347811845,0.111071681508899,0.0795754467277145
"WST",10,"kappa_0.3","app_sparse_hetero",7,"WST_heteroSparse",2.96291897812002,"BALANCED",1639,43,58,0,0,0,4,8,FALSE,-0.373799556466979,0.0817806617319856,-0.344717770609311,0.219993570578443,-0.296183770430028,0.0738055797248894,-0.0290817858576684,-0.0776157860369509,-0.0485340001792824
"WST",10,"kappa_0.3","app_sparse_hetero",7,"WST_heteroSparse",2.96291897812002,"BALANCED",1640,44,58,0,0,0,9,8,FALSE,-0.181971966772161,0.3606110427018,-0.215553885064602,0.201756462602059,-0.243072350693294,0.0568086487045248,0.0335819182924411,0.0611003839211328,0.0275184656286918
"WST",10,"kappa_0.3","app_sparse_hetero",7,"WST_heteroSparse",2.96291897812002,"BALANCED",1641,45,58,1,0,1,2,8,FALSE,-1.4968534414666,0.12006513256494,-1.46688865243284,0.193272329987916,-1.56906295659832,0.193603255340225,-0.0299647890337589,0.0722095151317221,0.102174304165481
"WST",10,"kappa_0.3","app_sparse_hetero",7,"WST_heteroSparse",2.96291897812002,"BALANCED",1642,46,58,1,0,1,6,8,FALSE,-2.14762027950388,0.321411769428728,-2.08895864554221,0.0664108961299722,-2.22283142013602,0.028265855955026,-0.0586616339616661,0.0752111406321445,0.133872774593811
"WST",10,"kappa_0.3","app_sparse_hetero",7,"WST_heteroSparse",2.96291897812002,"BALANCED",1643,47,58,0,0,0,10,8,FALSE,-0.125350681508047,0.255066109871382,-0.113376060901074,0.489326515014252,-0.151229640734282,0.16828845129867,-0.0119746206069733,0.025878959226235,0.0378535798332083
"WST",10,"kappa_0.3","app_sparse_hetero",7,"WST_heteroSparse",2.96291897812002,"BALANCED",1644,48,58,0,0,0,4,8,FALSE,-0.430552979387287,0.189767851520986,-0.403517313926722,0.337083762993402,-0.345352407463784,0.258752518573277,-0.0270356654605655,-0.0852005719235036,-0.0581649064629381
"WST",10,"kappa_0.3","app_sparse_hetero",7,"WST_heteroSparse",2.96291897812002,"BALANCED",1645,49,58,0,0,0,10,8,FALSE,-0.162819209714594,0.101760597548091,-0.135834843563969,0.518040867273262,-0.190855147228048,0.0892342418413432,-0.026984366150625,0.0280359375134536,0.0550203036640786
"WST",10,"kappa_0.3","app_sparse_hetero",7,"WST_heteroSparse",2.96291897812002,"BALANCED",1646,50,58,0,0,0,8,8,TRUE,-0.172169081990285,0.0609668531085929,-0.156639706102417,0.0545998792151366,-0.219202473592662,0.0430276400808777,-0.0155293758878683,0.0470333916023771,0.0625627674902454
"WST",10,"kappa_0.3","app_sparse_hetero",7,"WST_heteroSparse",2.96291897812002,"BALANCED",1647,51,58,0,0,0,7,8,FALSE,-0.220389206771037,0.385226666994522,-0.22925239837712,0.163687797467751,-0.26465014144149,0.109161605367648,0.00886319160608284,0.0442609346704534,0.0353977430643706
"WST",10,"kappa_0.3","app_sparse_hetero",7,"WST_heteroSparse",2.96291897812002,"BALANCED",1648,52,58,0,0,0,10,8,FALSE,-0.158776861973047,0.28904163166386,-0.142342209807992,0.449085102604602,-0.189692676723954,-0.087709119456705,-0.0164346521650556,0.030915814750907,0.0473504669159626
"WST",10,"kappa_0.3","app_sparse_hetero",7,"WST_heteroSparse",2.96291897812002,"BALANCED",1649,53,58,1,0,1,3,8,FALSE,-1.78096632996978,0.415461524265092,-1.82524159528944,0.267286145579049,-1.93067022890043,-0.16420812569473,0.0442752653196603,0.149703898930651,0.105428633610991
"WST",10,"kappa_0.3","app_sparse_hetero",7,"WST_heteroSparse",2.96291897812002,"BALANCED",1650,54,58,0,0,0,5,8,FALSE,-0.312103407737124,0.15897902094284,-0.328108549266195,0.294108278039466,-0.299924480289517,0.285897332924701,0.016005141529071,-0.0121789274476063,-0.0281840689766772
"WST",10,"kappa_0.3","app_sparse_hetero",7,"WST_heteroSparse",2.96291897812002,"BALANCED",1651,55,58,0,0,0,8,8,TRUE,-0.198405793183658,0.235862170800766,-0.195957146897507,0.135821265176547,-0.28829642252345,0.0714914124272472,-0.00244864628615105,0.0898906293397923,0.0923392756259434
"WST",10,"kappa_0.3","app_sparse_hetero",7,"WST_heteroSparse",2.96291897812002,"BALANCED",1652,56,58,0,0,0,3,8,FALSE,-0.677094949266067,0.283207713118587,-0.64573916960597,0.290398651927607,-0.503050945671954,0.344509357214392,-0.031355779660097,-0.174044003594113,-0.142688223934016
"WST",10,"kappa_0.3","app_sparse_hetero",7,"WST_heteroSparse",2.96291897812002,"BALANCED",1653,57,58,0,0,0,2,8,FALSE,-0.40440666209247,-0.00196742534664227,-0.407046592364658,0.343938988559916,-0.332895242352885,0.0725246303978844,0.00263993027218845,-0.0715114197395845,-0.074151350011773
"WST",10,"kappa_0.3","app_sparse_hetero",7,"WST_heteroSparse",2.96291897812002,"BALANCED",1654,1,59,1,0,1,2,10,FALSE,-1.6303842950367,0.267877289543934,-1.49279899409777,0.0886588661393791,-1.50695077618409,-0.0478668145470876,-0.137585300938922,-0.123433518852602,0.0141517820863202
"WST",10,"kappa_0.3","app_sparse_hetero",7,"WST_heteroSparse",2.96291897812002,"BALANCED",1655,2,59,1,0,1,9,10,FALSE,-2.24143903732658,0.944071067201407,-1.88588645612688,0.95228927558742,-1.87386188138108,0.479680392348719,-0.355552581199697,-0.367577155945498,-0.0120245747458014
"WST",10,"kappa_0.3","app_sparse_hetero",7,"WST_heteroSparse",2.96291897812002,"BALANCED",1656,3,59,0,0,0,1,10,FALSE,-0.353799955483824,0.215431920870907,-0.379633745570438,0.166530055490908,-0.379213147294003,0.301278833393287,0.0258337900866143,0.0254131918101788,-0.000420598276435591
"WST",10,"kappa_0.3","app_sparse_hetero",7,"WST_heteroSparse",2.96291897812002,"BALANCED",1657,4,59,1,0,1,8,10,FALSE,-1.9323177824174,0.306859972873986,-1.7625906995982,0.366521879544679,-1.80445182717393,-0.0129000976825183,-0.169727082819199,-0.127865955243471,0.0418611275757277
"WST",10,"kappa_0.3","app_sparse_hetero",7,"WST_heteroSparse",2.96291897812002,"BALANCED",1658,5,59,1,0,1,7,10,FALSE,-1.72505634312589,0.318660173453855,-1.67775865698936,0.365824282588978,-1.67664362552887,0.0607430357991336,-0.0472976861365328,-0.0484127175970244,-0.00111503146049152
"WST",10,"kappa_0.3","app_sparse_hetero",7,"WST_heteroSparse",2.96291897812002,"BALANCED",1659,6,59,0,0,0,4,10,FALSE,-0.536884251008082,0.204366752613786,-0.383875926413018,0.324736127283607,-0.415477315234638,0.0281931375046827,-0.153008324595064,-0.121406935773443,0.0316013888216204
"WST",10,"kappa_0.3","app_sparse_hetero",7,"WST_heteroSparse",2.96291897812002,"BALANCED",1660,7,59,1,0,1,6,10,FALSE,-1.76334543674909,0.37794715737234,-1.80172757199113,0.3081865656292,-1.72329860472653,0.141368552189021,0.0383821352420357,-0.0400468320225649,-0.0784289672646006
"WST",10,"kappa_0.3","app_sparse_hetero",7,"WST_heteroSparse",2.96291897812002,"BALANCED",1661,8,59,0,0,0,9,10,FALSE,-0.316508493531446,-0.0201290740490777,-0.488859749420031,0.177586969207952,-0.41301492395543,0.32323802836235,0.172351255888585,0.0965064304239842,-0.0758448254646007
"WST",10,"kappa_0.3","app_sparse_hetero",7,"WST_heteroSparse",2.96291897812002,"BALANCED",1662,9,59,1,0,1,3,10,FALSE,-1.28263802940946,0.421786569149682,-1.38200222778803,0.0952154750646084,-1.36266114701944,0.0139915261822654,0.0993641983785736,0.0800231176099855,-0.0193410807685881
"WST",10,"kappa_0.3","app_sparse_hetero",7,"WST_heteroSparse",2.96291897812002,"BALANCED",1663,10,59,0,0,0,3,10,FALSE,-0.634430038767333,0.223348390700843,-0.494528770475189,0.189902799099666,-0.468664485733234,0.179329737726158,-0.139901268292144,-0.165765553034099,-0.0258642847419548
"WST",10,"kappa_0.3","app_sparse_hetero",7,"WST_heteroSparse",2.96291897812002,"BALANCED",1664,11,59,0,0,0,9,10,FALSE,-0.451611406902852,0.084426685714539,-0.672063127248339,0.485110237896075,-0.542356071078934,0.34313745406719,0.220451720345487,0.0907446641760821,-0.129707056169405
"WST",10,"kappa_0.3","app_sparse_hetero",7,"WST_heteroSparse",2.96291897812002,"BALANCED",1665,12,59,1,0,1,6,10,FALSE,-1.80056036304052,0.524593594192986,-1.79486158032342,0.327934457311942,-1.8183578393689,0.121264579555188,-0.00569878271710422,0.0177974763283801,0.0234962590454844
"WST",10,"kappa_0.3","app_sparse_hetero",7,"WST_heteroSparse",2.96291897812002,"BALANCED",1666,13,59,0,0,0,7,10,FALSE,-0.263039960864871,0.421180196054752,-0.288208051576575,0.400267769264188,-0.262952203120514,0.115219561322632,0.0251680907117038,-8.77577443576527e-05,-0.0252558484560614
"WST",10,"kappa_0.3","app_sparse_hetero",7,"WST_heteroSparse",2.96291897812002,"BALANCED",1667,14,59,0,1,1,1,10,FALSE,-4.30598819195722,0.684531074076795,-5.88610391665366,0.350156821826029,-4.67250441084401,0.432022423617363,1.58011572469643,0.366516218886788,-1.21359950580965
"WST",10,"kappa_0.3","app_sparse_hetero",7,"WST_heteroSparse",2.96291897812002,"BALANCED",1668,15,59,0,0,0,5,10,FALSE,-0.359557180549615,0.20040765411466,-0.260627529446197,0.25372234663644,-0.283377077308066,0.196173752159075,-0.0989296511034183,-0.0761801032415486,0.0227495478618698
"WST",10,"kappa_0.3","app_sparse_hetero",7,"WST_heteroSparse",2.96291897812002,"BALANCED",1669,16,59,0,0,0,10,10,TRUE,-0.252383944296345,0.210186498997013,-0.270335816330599,0.13204968206014,-0.503721536682844,0.171810587713719,0.0179518720342537,0.251337592386499,0.233385720352246
"WST",10,"kappa_0.3","app_sparse_hetero",7,"WST_heteroSparse",2.96291897812002,"BALANCED",1670,17,59,0,0,0,5,10,FALSE,-0.412042443572505,0.298190268065495,-0.306599832016796,0.266107141631129,-0.329996806015932,0.0195817819667608,-0.105442611555709,-0.0820456375565737,0.0233969739991355
"WST",10,"kappa_0.3","app_sparse_hetero",7,"WST_heteroSparse",2.96291897812002,"BALANCED",1671,18,59,0,0,0,9,10,FALSE,-0.374452858239811,-0.0104263853929815,-0.548160680224849,0.00122417879767247,-0.470674978210477,0.295706899889344,0.173707821985038,0.0962221199706654,-0.0774857020143722
"WST",10,"kappa_0.3","app_sparse_hetero",7,"WST_heteroSparse",2.96291897812002,"BALANCED",1672,19,59,0,0,0,8,10,FALSE,-0.338718302263558,0.367398801591292,-0.323524500229268,0.383666459835407,-0.294604085876465,0.224613812122002,-0.0151938020342905,-0.0441142163870936,-0.028920414352803
"WST",10,"kappa_0.3","app_sparse_hetero",7,"WST_heteroSparse",2.96291897812002,"BALANCED",1673,20,59,1,0,1,1,10,FALSE,-1.58432152314096,0.30208343981215,-1.38507106355084,0.222965662486043,-1.39493021149644,-0.0326371939029668,-0.199250459590122,-0.189391311644529,0.00985914794559228
"WST",10,"kappa_0.3","app_sparse_hetero",7,"WST_heteroSparse",2.96291897812002,"BALANCED",1674,21,59,0,0,0,1,10,FALSE,-0.436831891412486,0.339977256401365,-0.449261310757441,0.0611119607036645,-0.459334769428439,0.189182274617346,0.0124294193449552,0.0225028780159535,0.0100734586709983
"WST",10,"kappa_0.3","app_sparse_hetero",7,"WST_heteroSparse",2.96291897812002,"BALANCED",1675,22,59,0,0,0,7,10,FALSE,-0.251846148639398,0.133069195747138,-0.261415585665193,0.278488325171464,-0.244150294483174,0.510829795250325,0.00956943702579505,-0.00769585415622398,-0.017265291182019
"WST",10,"kappa_0.3","app_sparse_hetero",7,"WST_heteroSparse",2.96291897812002,"BALANCED",1676,23,59,0,0,0,5,10,FALSE,-0.355396344535302,0.088241247504163,-0.262637271687858,0.134777905397608,-0.28391852620736,0.292839398021523,-0.0927590728474446,-0.0714778183279421,0.0212812545195025
"WST",10,"kappa_0.3","app_sparse_hetero",7,"WST_heteroSparse",2.96291897812002,"BALANCED",1677,24,59,0,0,0,1,10,FALSE,-0.47704928974727,0.420919778615624,-0.523984999190016,0.0311826535986236,-0.525533578737173,0.233864041191707,0.0469357094427458,0.0484842889899033,0.00154857954715748
"WST",10,"kappa_0.3","app_sparse_hetero",7,"WST_heteroSparse",2.96291897812002,"BALANCED",1678,25,59,0,0,0,10,10,TRUE,-0.157308923850067,0.268362044308893,-0.184153556174738,0.292724404619693,-0.219273934986951,0.176346133178493,0.0268446323246705,0.0619650111368841,0.0351203788122136
"WST",10,"kappa_0.3","app_sparse_hetero",7,"WST_heteroSparse",2.96291897812002,"BALANCED",1679,26,59,0,0,0,2,10,FALSE,-0.590913000298246,0.211887233518958,-0.532000202665135,-0.0384520928208633,-0.506585437600872,0.110139973029867,-0.058912797633111,-0.0843275626973741,-0.0254147650642631
"WST",10,"kappa_0.3","app_sparse_hetero",7,"WST_heteroSparse",2.96291897812002,"BALANCED",1680,27,59,1,0,1,2,10,FALSE,-1.52932874837611,0.245601091795893,-1.54562880947407,0.113348758876633,-1.54529651541814,0.0502335462700446,0.016300061097958,0.0159677670420235,-0.00033229405593449
"WST",10,"kappa_0.3","app_sparse_hetero",7,"WST_heteroSparse",2.96291897812002,"BALANCED",1681,28,59,0,0,0,6,10,FALSE,-0.286502246274015,0.255827137540902,-0.267416566166907,0.43780117531356,-0.239968492776455,0.085057928413651,-0.019085680107108,-0.0465337534975596,-0.0274480733904516
"WST",10,"kappa_0.3","app_sparse_hetero",7,"WST_heteroSparse",2.96291897812002,"BALANCED",1682,29,59,0,0,0,7,10,FALSE,-0.256265058854654,0.27329781852095,-0.272093655381624,0.253763023826236,-0.243820201693985,0.236016168533441,0.01582859652697,-0.012444857160669,-0.028273453687639
"WST",10,"kappa_0.3","app_sparse_hetero",7,"WST_heteroSparse",2.96291897812002,"BALANCED",1683,30,59,0,0,0,8,10,FALSE,-0.386361063813311,0.0209068354382196,-0.588842335889494,0.3063851765623,-0.484933634745925,0.431869457194276,0.202481272076183,0.098572570932614,-0.103908701143569
"WST",10,"kappa_0.3","app_sparse_hetero",7,"WST_heteroSparse",2.96291897812002,"BALANCED",1684,31,59,0,0,0,7,10,FALSE,-0.343260240695802,0.388553675718044,-0.306037744601587,0.276961506876981,-0.309402533767375,0.116533736076242,-0.0372224960942145,-0.0338577069284272,0.00336478916578731
"WST",10,"kappa_0.3","app_sparse_hetero",7,"WST_heteroSparse",2.96291897812002,"BALANCED",1685,32,59,0,0,0,4,10,FALSE,-0.422555502100887,0.244383239040851,-0.299540419232611,0.201665233945095,-0.326280853602258,-0.0322765466227385,-0.123015082868276,-0.0962746484986292,0.0267404343696471
"WST",10,"kappa_0.3","app_sparse_hetero",7,"WST_heteroSparse",2.96291897812002,"BALANCED",1686,33,59,0,0,0,4,10,FALSE,-0.424735950283734,0.360772884162174,-0.298389894080563,0.0760813598646709,-0.330118448217387,0.177168033056021,-0.126346056203171,-0.0946175020663462,0.0317285541368246
"WST",10,"kappa_0.3","app_sparse_hetero",7,"WST_heteroSparse",2.96291897812002,"BALANCED",1687,34,59,0,0,0,6,10,FALSE,-0.269639071226381,0.170274678688468,-0.265693421949491,0.297529284457861,-0.242627277944701,0.313607381019645,-0.0039456492768899,-0.0270117932816802,-0.0230661440047903
"WST",10,"kappa_0.3","app_sparse_hetero",7,"WST_heteroSparse",2.96291897812002,"BALANCED",1688,35,59,1,0,1,3,10,FALSE,-1.20487832404632,0.572219372406371,-1.33371073887963,0.759090505612101,-1.26845232592909,-0.0893765545891789,0.128832414833314,0.0635740018827731,-0.0652584129505405
"WST",10,"kappa_0.3","app_sparse_hetero",7,"WST_heteroSparse",2.96291897812002,"BALANCED",1689,36,59,0,0,0,5,10,FALSE,-0.244092863006085,0.00696795761271594,-0.174620921054834,-0.0914948409694348,-0.200253930021761,-0.117951461118816,-0.0694719419512513,-0.0438389329843245,0.0256330089669268
"WST",10,"kappa_0.3","app_sparse_hetero",7,"WST_heteroSparse",2.96291897812002,"BALANCED",1690,37,59,1,0,1,7,10,FALSE,-1.75978996873357,0.357872887456507,-1.79679883199129,0.60957783454663,-1.76155978307612,0.256565699517367,0.0370088632577135,0.00176981434254664,-0.0352390489151668
"WST",10,"kappa_0.3","app_sparse_hetero",7,"WST_heteroSparse",2.96291897812002,"BALANCED",1691,38,59,1,0,1,9,10,FALSE,-2.47042748678083,0.75542258320985,-2.05433119805636,0.83615805609066,-2.04800589886259,0.383473041250314,-0.416096288724473,-0.42242158791824,-0.00632529919376701
"WST",10,"kappa_0.3","app_sparse_hetero",7,"WST_heteroSparse",2.96291897812002,"BALANCED",1692,39,59,0,0,0,8,10,FALSE,-0.1589724801604,0.173097733042287,-0.192175819975409,0.200676544137175,-0.224588516319742,0.468568608085359,0.0332033398150093,0.0656160361593425,0.0324126963443332
"WST",10,"kappa_0.3","app_sparse_hetero",7,"WST_heteroSparse",2.96291897812002,"BALANCED",1693,40,59,0,0,0,10,10,TRUE,-0.300237600447742,0.351094117715421,-0.4511708942894,0.144609472330845,-0.682145019193797,0.146897446870152,0.150933293841658,0.381907418746055,0.230974124904397
"WST",10,"kappa_0.3","app_sparse_hetero",7,"WST_heteroSparse",2.96291897812002,"BALANCED",1694,41,59,0,0,0,6,10,FALSE,-0.303856078167716,0.389224606614071,-0.296054942545388,0.356168839920453,-0.264678435682017,-0.26086441988075,-0.00780113562232732,-0.0391776424856989,-0.0313765068633716
"WST",10,"kappa_0.3","app_sparse_hetero",7,"WST_heteroSparse",2.96291897812002,"BALANCED",1695,42,59,0,0,0,1,10,FALSE,-0.456844799651642,0.506053220006668,-0.504104054227094,0.246759160328136,-0.502453147185179,-0.0130433482910024,0.0472592545754518,0.0456083475335367,-0.00165090704191506
"WST",10,"kappa_0.3","app_sparse_hetero",7,"WST_heteroSparse",2.96291897812002,"BALANCED",1696,43,59,0,0,0,4,10,FALSE,-0.388437053411364,0.111675768467791,-0.282684768986275,0.143173363747706,-0.301077420297959,-0.00887897426679266,-0.105752284425089,-0.0873596331134046,0.0183926513116841
"WST",10,"kappa_0.3","app_sparse_hetero",7,"WST_heteroSparse",2.96291897812002,"BALANCED",1697,44,59,0,0,0,9,10,FALSE,-0.524224484608016,0.334750606020615,-0.775181591338024,0.335268077320094,-0.623330113939272,0.141846369418465,0.250957106730008,0.0991056293312562,-0.151851477398751
"WST",10,"kappa_0.3","app_sparse_hetero",7,"WST_heteroSparse",2.96291897812002,"BALANCED",1698,45,59,0,0,0,2,10,FALSE,-0.530291148501684,0.120409530380224,-0.452777059651882,0.160899912884539,-0.436673520889961,0.20659271175836,-0.077514088849802,-0.0936176276117227,-0.0161035387619206
"WST",10,"kappa_0.3","app_sparse_hetero",7,"WST_heteroSparse",2.96291897812002,"BALANCED",1699,46,59,0,0,0,6,10,FALSE,-0.222741860731552,0.0592378184009582,-0.161471737393111,-0.0181504121834187,-0.187785678872166,0.40955330154694,-0.0612701233384412,-0.0349561818593855,0.0263139414790556
"WST",10,"kappa_0.3","app_sparse_hetero",7,"WST_heteroSparse",2.96291897812002,"BALANCED",1700,47,59,0,0,0,10,10,TRUE,-0.17143323167028,0.125576999223505,-0.243164533924438,0.0859823494988793,-0.376930236824321,0.306490732135571,0.0717313022541584,0.205497005154041,0.133765702899883
"WST",10,"kappa_0.3","app_sparse_hetero",7,"WST_heteroSparse",2.96291897812002,"BALANCED",1701,48,59,0,0,0,4,10,FALSE,-0.456366087319176,0.137646765564258,-0.333249368484734,0.105795438442077,-0.356402997713031,0.354747225916087,-0.123116718834442,-0.0999630896061445,0.0231536292282977
"WST",10,"kappa_0.3","app_sparse_hetero",7,"WST_heteroSparse",2.96291897812002,"BALANCED",1702,49,59,0,0,0,10,10,TRUE,-0.214651053929941,0.29910063387874,-0.223218433569904,0.104810651103546,-0.282036952941706,-0.0425894971565696,0.00856737963996235,0.0673858990117644,0.058818519371802
"WST",10,"kappa_0.3","app_sparse_hetero",7,"WST_heteroSparse",2.96291897812002,"BALANCED",1703,50,59,1,0,1,8,10,FALSE,-2.21922224996999,0.76995199917747,-1.89744648949168,0.460098006865903,-1.7438949392252,0.141292503320502,-0.321775760478312,-0.475327310744794,-0.153551550266482
"WST",10,"kappa_0.3","app_sparse_hetero",7,"WST_heteroSparse",2.96291897812002,"BALANCED",1704,51,59,0,0,0,7,10,FALSE,-0.427659257715896,0.626856970345928,-0.68858005434476,0.231215377426563,-0.449286852835552,-0.0637774166260074,0.260920796628864,0.0216275951196563,-0.239293201509208
"WST",10,"kappa_0.3","app_sparse_hetero",7,"WST_heteroSparse",2.96291897812002,"BALANCED",1705,52,59,0,0,0,10,10,TRUE,-0.219109183028983,0.214740501992959,-0.311354147793567,-0.2287494024692,-0.473879449055971,0.18438783199854,0.0922449647645847,0.254770266026989,0.162525301262404
"WST",10,"kappa_0.3","app_sparse_hetero",7,"WST_heteroSparse",2.96291897812002,"BALANCED",1706,53,59,0,0,0,3,10,FALSE,-0.37458261775064,0.251752805784022,-0.291991250119946,0.0416388693659258,-0.286222320692924,0.204608488882828,-0.0825913676306937,-0.088360297057716,-0.00576892942702223
"WST",10,"kappa_0.3","app_sparse_hetero",7,"WST_heteroSparse",2.96291897812002,"BALANCED",1707,54,59,1,0,1,5,10,FALSE,-1.6935050021735,0.37243540440236,-1.92822622317949,0.248565279794685,-1.64030525311619,0.108528409226565,0.234721221005982,-0.0531997490573186,-0.2879209700633
"WST",10,"kappa_0.3","app_sparse_hetero",7,"WST_heteroSparse",2.96291897812002,"BALANCED",1708,55,59,1,0,1,8,10,FALSE,-2.01891987795086,0.531276113384567,-1.64795198723886,0.669762793179771,-1.65921809157463,0.123668901298903,-0.370967890712003,-0.359701786376228,0.0112661043357756
"WST",10,"kappa_0.3","app_sparse_hetero",7,"WST_heteroSparse",2.96291897812002,"BALANCED",1709,56,59,1,0,1,3,10,FALSE,-1.1460279363539,0.426004103300888,-1.20039362861996,0.583068406903042,-1.15911084559363,0.209841787071997,0.0543656922660585,0.0130829092397269,-0.0412827830263316
"WST",10,"kappa_0.3","app_sparse_hetero",7,"WST_heteroSparse",2.96291897812002,"BALANCED",1710,57,59,0,0,0,2,10,FALSE,-0.552398230855202,0.192885835923341,-0.492819628412708,0.0662859048327735,-0.443135627264655,0.24503049619371,-0.0595786024424942,-0.109262603590547,-0.0496840011480524
"WST",10,"kappa_0.3","app_sparse_hetero",7,"WST_heteroSparse",2.96291897812002,"BALANCED",1711,58,59,0,0,0,8,10,FALSE,-0.208185171170459,0.226883798776897,-0.236554766783154,0.0383106982292729,-0.265317775221932,-0.114921229777502,0.0283695956126957,0.057132604051473,0.0287630084387773
"WST",10,"kappa_0.3","app_sparse_hetero",7,"WST_heteroSparse",2.96291897812002,"BALANCED",1712,1,60,1,0,1,2,5,FALSE,-1.9583083852213,0.14291876440396,-1.86568251538694,0.312468456760339,-1.93827438381486,0.399140906910982,-0.0926258698343574,-0.0200340014064402,0.0725918684279172
"WST",10,"kappa_0.3","app_sparse_hetero",7,"WST_heteroSparse",2.96291897812002,"BALANCED",1713,2,60,0,0,0,9,5,FALSE,-0.214121388169916,0.0347906708691248,-0.209462244297829,-0.0716870581261352,-0.199469652221175,-0.0996183633093995,-0.00465914387208688,-0.0146517359487408,-0.00999259207665393
"WST",10,"kappa_0.3","app_sparse_hetero",7,"WST_heteroSparse",2.96291897812002,"BALANCED",1714,3,60,1,0,1,1,5,FALSE,-1.83104316887146,0.262458371768926,-1.7352140404434,0.285551142010357,-1.90989621438924,0.00229055608712151,-0.0958291284280586,0.0788530455177812,0.17468217394584
"WST",10,"kappa_0.3","app_sparse_hetero",7,"WST_heteroSparse",2.96291897812002,"BALANCED",1715,4,60,0,1,1,8,5,FALSE,-2.26271736824313,0.0720066956728445,-2.11029397464305,-0.0125226206396029,-2.44045853505662,0.505834058085659,-0.152423393600086,0.177741166813486,0.330164560413571
"WST",10,"kappa_0.3","app_sparse_hetero",7,"WST_heteroSparse",2.96291897812002,"BALANCED",1716,5,60,0,0,0,7,5,FALSE,-0.258922118295135,0.244930885897376,-0.250759004530567,0.46889739338868,-0.230545304897685,0.203040507114085,-0.00816311376456724,-0.0283768133974496,-0.0202136996328823
"WST",10,"kappa_0.3","app_sparse_hetero",7,"WST_heteroSparse",2.96291897812002,"BALANCED",1717,6,60,0,0,0,4,5,FALSE,-0.290158369177722,0.122125849413569,-0.340006964321207,0.266838267765408,-0.32122211956361,0.117715158300597,0.0498485951434846,0.0310637503858882,-0.0187848447575965
"WST",10,"kappa_0.3","app_sparse_hetero",7,"WST_heteroSparse",2.96291897812002,"BALANCED",1718,7,60,0,0,0,6,5,FALSE,-0.218247071945571,0.243117901980897,-0.209363315483978,0.120248352524604,-0.212804394154323,0.140633307503638,-0.0088837564615929,-0.00544267779124841,0.00344107867034449
"WST",10,"kappa_0.3","app_sparse_hetero",7,"WST_heteroSparse",2.96291897812002,"BALANCED",1719,8,60,0,0,0,9,5,FALSE,-0.139934951023643,0.277210101299378,-0.133686437035962,0.235023101437124,-0.127939453806495,0.360416552162163,-0.00624851398768111,-0.0119954972171481,-0.00574698322946698
"WST",10,"kappa_0.3","app_sparse_hetero",7,"WST_heteroSparse",2.96291897812002,"BALANCED",1720,9,60,0,0,0,3,5,FALSE,-0.270414362970978,0.275605429349027,-0.224514852238488,0.336190589976974,-0.297015472666034,0.16644841503324,-0.0458995107324904,0.026601109695056,0.0725006204275465
"WST",10,"kappa_0.3","app_sparse_hetero",7,"WST_heteroSparse",2.96291897812002,"BALANCED",1721,10,60,0,0,0,3,5,FALSE,-0.280352046850563,-0.0260811994586401,-0.229353294962057,0.0667749550037346,-0.311282999338442,0.115961037539184,-0.050998751888506,0.0309309524878785,0.0819297043763845
"WST",10,"kappa_0.3","app_sparse_hetero",7,"WST_heteroSparse",2.96291897812002,"BALANCED",1722,11,60,0,0,0,9,5,FALSE,-0.18289654586292,0.12944284580665,-0.178223794766863,0.210979862806011,-0.167034976167918,0.134261085003192,-0.00467275109605669,-0.0158615696950015,-0.0111888185989448
"WST",10,"kappa_0.3","app_sparse_hetero",7,"WST_heteroSparse",2.96291897812002,"BALANCED",1723,12,60,0,0,0,6,5,FALSE,-0.193161082321784,0.208275690864722,-0.198352424581866,0.419319569788082,-0.185211030397602,0.0216196014651171,0.00519134226008156,-0.00795005192418241,-0.013141394184264
"WST",10,"kappa_0.3","app_sparse_hetero",7,"WST_heteroSparse",2.96291897812002,"BALANCED",1724,13,60,0,0,0,7,5,FALSE,-0.201695361535913,0.0681018547281904,-0.201509423695013,0.144992658629323,-0.182749293742583,0.124915942301889,-0.000185937840900152,-0.0189460677933306,-0.0187601299524305
"WST",10,"kappa_0.3","app_sparse_hetero",7,"WST_heteroSparse",2.96291897812002,"BALANCED",1725,14,60,0,0,0,1,5,FALSE,-0.326639400065979,0.171047525872589,-0.356979115473944,0.292982175167009,-0.289776402737044,0.0243384531216617,0.0303397154079654,-0.0368629973289343,-0.0672027127368997
"WST",10,"kappa_0.3","app_sparse_hetero",7,"WST_heteroSparse",2.96291897812002,"BALANCED",1726,15,60,0,0,0,5,5,TRUE,-0.195543720773733,-0.102152940656304,-0.226017818106292,0.0975145565988731,-0.22016250662689,-0.0735560385311256,0.0304740973325588,0.024618785853157,-0.00585531147940177
"WST",10,"kappa_0.3","app_sparse_hetero",7,"WST_heteroSparse",2.96291897812002,"BALANCED",1727,16,60,0,0,0,10,5,FALSE,-0.177838079097799,0.17604674020916,-0.185018780164378,0.299211423553697,-0.177215173184855,0.0846256594679367,0.00718070106657898,-0.000622905912943672,-0.00780360697952265
"WST",10,"kappa_0.3","app_sparse_hetero",7,"WST_heteroSparse",2.96291897812002,"BALANCED",1728,17,60,0,0,0,5,5,TRUE,-0.227996675201076,0.118984282914629,-0.26647702980675,0.0993104890812179,-0.254951500425386,0.069585669237522,0.0384803546056744,0.0269548252243101,-0.0115255293813643
"WST",10,"kappa_0.3","app_sparse_hetero",7,"WST_heteroSparse",2.96291897812002,"BALANCED",1729,18,60,0,0,0,9,5,FALSE,-0.150033121709913,0.263517091762279,-0.148226017593481,0.0635471911164392,-0.144066954755194,0.0547083645286737,-0.00180710411643226,-0.0059661669547193,-0.00415906283828704
"WST",10,"kappa_0.3","app_sparse_hetero",7,"WST_heteroSparse",2.96291897812002,"BALANCED",1730,19,60,0,0,0,8,5,FALSE,-0.240905652763076,0.117572644063092,-0.23656183692006,0.0718402533227588,-0.223920262338966,0.148977223668843,-0.00434381584301669,-0.01698539042411,-0.0126415745810933
"WST",10,"kappa_0.3","app_sparse_hetero",7,"WST_heteroSparse",2.96291897812002,"BALANCED",1731,20,60,0,0,0,1,5,FALSE,-0.352111811984044,0.378576387913578,-0.388227200289741,0.153770313329017,-0.314874734332447,0.142225668546525,0.0361153883056966,-0.0372370776515973,-0.073352465957294
"WST",10,"kappa_0.3","app_sparse_hetero",7,"WST_heteroSparse",2.96291897812002,"BALANCED",1732,21,60,0,0,0,1,5,FALSE,-0.347414142139328,0.205583952651129,-0.365382815932899,0.180567967572024,-0.321854150355597,0.153543486882776,0.0179686737935709,-0.025559991783731,-0.043528665577302
"WST",10,"kappa_0.3","app_sparse_hetero",7,"WST_heteroSparse",2.96291897812002,"BALANCED",1733,22,60,0,0,0,7,5,FALSE,-0.198221720178695,0.465485585232283,-0.187865124669136,-0.0523061575697531,-0.181719000219342,0.308018503937736,-0.0103565955095588,-0.0165027199593526,-0.00614612444979379
"WST",10,"kappa_0.3","app_sparse_hetero",7,"WST_heteroSparse",2.96291897812002,"BALANCED",1734,23,60,0,0,0,5,5,TRUE,-0.196282405966395,0.0576880954231222,-0.234091695323458,0.00491741185981016,-0.218404716694661,0.105117732824592,0.037809289357063,0.0221223107282666,-0.0156869786287963
"WST",10,"kappa_0.3","app_sparse_hetero",7,"WST_heteroSparse",2.96291897812002,"BALANCED",1735,24,60,1,0,1,1,5,FALSE,-1.65159899213216,0.40632521918062,-1.50088049295118,0.410227114199027,-1.8250356896262,-0.11663364889251,-0.150718499180977,0.173436697494037,0.324155196675014
"WST",10,"kappa_0.3","app_sparse_hetero",7,"WST_heteroSparse",2.96291897812002,"BALANCED",1736,25,60,0,0,0,10,5,FALSE,-0.123196596957019,0.136040391338883,-0.121908401988914,0.276370206774547,-0.126097242498123,0.0463694450526954,-0.00128819496810539,0.00290064554110447,0.00418884050920987
"WST",10,"kappa_0.3","app_sparse_hetero",7,"WST_heteroSparse",2.96291897812002,"BALANCED",1737,26,60,0,0,0,2,5,FALSE,-0.2837625667382,0.0880298286313279,-0.259746250964651,0.208711712730401,-0.334524118743765,0.196001528122982,-0.0240163157735491,0.0507615520055653,0.0747778677791144
"WST",10,"kappa_0.3","app_sparse_hetero",7,"WST_heteroSparse",2.96291897812002,"BALANCED",1738,27,60,0,0,0,2,5,FALSE,-0.198965392827549,0.132010864364202,-0.176134905203885,0.172033824520117,-0.226129194303422,0.307217333939218,-0.022830487623664,0.0271638014758739,0.049994289099538
"WST",10,"kappa_0.3","app_sparse_hetero",7,"WST_heteroSparse",2.96291897812002,"BALANCED",1739,28,60,0,0,0,6,5,FALSE,-0.193874094861715,0.204212159501806,-0.196899806542715,0.133681692227685,-0.192198564301394,0.0899149972864705,0.00302571168099952,-0.00167553056032066,-0.00470124224132018
"WST",10,"kappa_0.3","app_sparse_hetero",7,"WST_heteroSparse",2.96291897812002,"BALANCED",1740,29,60,0,0,0,7,5,FALSE,-0.206792277776545,0.219253353184431,-0.198262632303271,0.183651725018921,-0.183712165006645,0.0475653433104882,-0.00852964547327417,-0.0230801127699003,-0.0145504672966261
"WST",10,"kappa_0.3","app_sparse_hetero",7,"WST_heteroSparse",2.96291897812002,"BALANCED",1741,30,60,0,1,1,8,5,FALSE,-2.35088364321706,0.240928980016596,-2.24951309260549,0.156466753475248,-2.23723775390602,0.289851440928465,-0.101370550611575,-0.11364588931104,-0.0122753386994647
"WST",10,"kappa_0.3","app_sparse_hetero",7,"WST_heteroSparse",2.96291897812002,"BALANCED",1742,31,60,1,0,1,7,5,FALSE,-2.69038626254245,0.54677013584631,-2.67019306432697,0.0429514927745471,-3.06951141126543,-0.0958186193733354,-0.0201931982154848,0.379125148722974,0.399318346938458
"WST",10,"kappa_0.3","app_sparse_hetero",7,"WST_heteroSparse",2.96291897812002,"BALANCED",1743,32,60,0,0,0,4,5,FALSE,-0.227524302857558,0.084785579043685,-0.266024649915123,0.197547461312893,-0.251883230103071,0.0815951297865659,0.0385003470575649,0.0243589272455127,-0.0141414198120522
"WST",10,"kappa_0.3","app_sparse_hetero",7,"WST_heteroSparse",2.96291897812002,"BALANCED",1744,33,60,0,0,0,4,5,FALSE,-0.233018924660945,0.216532859199276,-0.266901148374631,0.0150766533304141,-0.256086828034787,0.0908072087692842,0.033882223713686,0.0230679033738426,-0.0108143203398434
"WST",10,"kappa_0.3","app_sparse_hetero",7,"WST_heteroSparse",2.96291897812002,"BALANCED",1745,34,60,0,2,2,6,5,FALSE,-6.08439861075726,0.873288591044585,-6.25745681004469,0.856811091213991,-6.53895083931781,1.06240588871681,0.173058199287428,0.454552228560549,0.281494029273121
"WST",10,"kappa_0.3","app_sparse_hetero",7,"WST_heteroSparse",2.96291897812002,"BALANCED",1746,35,60,0,0,0,3,5,FALSE,-0.33704414230935,0.135281370533019,-0.275379254026005,-0.0709409867487264,-0.348735278956209,-0.155058000375287,-0.061664888283345,0.0116911366468591,0.0733560249302041
"WST",10,"kappa_0.3","app_sparse_hetero",7,"WST_heteroSparse",2.96291897812002,"BALANCED",1747,36,60,0,0,0,5,5,TRUE,-0.136449531068363,-0.00731068334333512,-0.155486688319106,0.106641098607527,-0.156958459838505,0.0987729645695044,0.0190371572507422,0.0205089287701421,0.00147177151939992
"WST",10,"kappa_0.3","app_sparse_hetero",7,"WST_heteroSparse",2.96291897812002,"BALANCED",1748,37,60,0,0,0,7,5,FALSE,-0.212320622339376,0.252828098941821,-0.203155092183806,0.119528755185641,-0.200387094913189,0.0923793006380383,-0.00916553015556953,-0.0119335274261871,-0.00276799727061761
"WST",10,"kappa_0.3","app_sparse_hetero",7,"WST_heteroSparse",2.96291897812002,"BALANCED",1749,38,60,0,0,0,9,5,FALSE,-0.152215265360486,0.0403747381834776,-0.153546098753639,0.0718725756773547,-0.143000678528288,0.00847285361957289,0.00133083339315387,-0.00921458683219711,-0.010545420225351
"WST",10,"kappa_0.3","app_sparse_hetero",7,"WST_heteroSparse",2.96291897812002,"BALANCED",1750,39,60,0,0,0,8,5,FALSE,-0.120765874767377,0.228449536778455,-0.125769323287363,0.32595782555347,-0.134099043332532,0.563108616133923,0.00500344851998591,0.013333168565155,0.00832972004516908
"WST",10,"kappa_0.3","app_sparse_hetero",7,"WST_heteroSparse",2.96291897812002,"BALANCED",1751,40,60,0,0,0,10,5,FALSE,-0.216885058097563,0.243331808746657,-0.188463572383615,0.196757787701715,-0.208439007130137,0.243116162538783,-0.028421485713948,-0.00844605096742601,0.019975434746522
"WST",10,"kappa_0.3","app_sparse_hetero",7,"WST_heteroSparse",2.96291897812002,"BALANCED",1752,41,60,0,0,0,6,5,FALSE,-0.213909725135981,0.136661393653144,-0.210948172417775,0.221262704325284,-0.210449776821285,0.105309978384576,-0.00296155271820542,-0.00345994831469554,-0.00049839559649012
"WST",10,"kappa_0.3","app_sparse_hetero",7,"WST_heteroSparse",2.96291897812002,"BALANCED",1753,42,60,2,0,2,1,5,FALSE,-3.82263136845396,0.38056442035212,-3.77025092564313,0.690898594013068,-4.6303324141871,0.248527405717469,-0.0523804428108363,0.807701045733133,0.860081488543969
"WST",10,"kappa_0.3","app_sparse_hetero",7,"WST_heteroSparse",2.96291897812002,"BALANCED",1754,43,60,0,0,0,4,5,FALSE,-0.212301041386025,-0.115548041805146,-0.247628479981381,0.0489929814796263,-0.231691443796896,0.192711644947063,0.0353274385953561,0.0193904024108704,-0.0159370361844857
"WST",10,"kappa_0.3","app_sparse_hetero",7,"WST_heteroSparse",2.96291897812002,"BALANCED",1755,44,60,0,0,0,9,5,FALSE,-0.197303137009739,0.062193246616777,-0.203869153018414,-0.0109607717042661,-0.190412287321589,0.131788824328685,0.00656601600867468,-0.00689084968815035,-0.013456865696825
"WST",10,"kappa_0.3","app_sparse_hetero",7,"WST_heteroSparse",2.96291897812002,"BALANCED",1756,45,60,1,0,1,2,5,FALSE,-1.89719280440805,0.200518050255163,-1.90342525521853,0.227903459651864,-1.84502170677247,0.777842102524328,0.0062324508104874,-0.0521710976355765,-0.0584035484460639
"WST",10,"kappa_0.3","app_sparse_hetero",7,"WST_heteroSparse",2.96291897812002,"BALANCED",1757,46,60,0,0,0,6,5,FALSE,-0.13035054947983,0.26790673318765,-0.147335351458053,0.0564771294150058,-0.143850126895678,0.418347476004934,0.0169848019782233,0.0134995774158488,-0.00348522456237443
"WST",10,"kappa_0.3","app_sparse_hetero",7,"WST_heteroSparse",2.96291897812002,"BALANCED",1758,47,60,0,0,0,10,5,FALSE,-0.121412520008573,0.281877483292306,-0.106766784262322,0.135951285277333,-0.122606167210469,0.501328901870737,-0.0146457357462513,0.00119364720189541,0.0158393829481467
"WST",10,"kappa_0.3","app_sparse_hetero",7,"WST_heteroSparse",2.96291897812002,"BALANCED",1759,48,60,0,0,0,4,5,FALSE,-0.25271667224185,-0.0802792085716558,-0.295343906693758,0.0848417942829428,-0.27432156819669,0.0616990474136152,0.0426272344519081,0.0216048959548401,-0.021022338497068
"WST",10,"kappa_0.3","app_sparse_hetero",7,"WST_heteroSparse",2.96291897812002,"BALANCED",1760,49,60,0,0,0,10,5,FALSE,-0.156388465798441,0.0655076152441858,-0.16244721686272,0.164810309919728,-0.178167938923991,0.238602799067409,0.00605875106427867,0.0217794731255498,0.0157207220612712
"WST",10,"kappa_0.3","app_sparse_hetero",7,"WST_heteroSparse",2.96291897812002,"BALANCED",1761,50,60,0,1,1,8,5,FALSE,-2.40717330298451,0.689812752927074,-2.35079527357422,1.00028409881039,-2.54489542116951,0.719387389427496,-0.0563780294102871,0.137722118185,0.194100147595287
"WST",10,"kappa_0.3","app_sparse_hetero",7,"WST_heteroSparse",2.96291897812002,"BALANCED",1762,51,60,0,0,0,7,5,FALSE,-0.325580231697522,0.232800897220809,-0.276912774860508,-0.0903583214856995,-0.252397199229758,0.15466179412532,-0.0486674568370145,-0.0731830324677638,-0.0245155756307494
"WST",10,"kappa_0.3","app_sparse_hetero",7,"WST_heteroSparse",2.96291897812002,"BALANCED",1763,52,60,0,0,0,10,5,FALSE,-0.153137895400835,-0.0213220605603748,-0.154244086595878,0.122380558075516,-0.14870803502507,0.339004513500784,0.00110619119504296,-0.00442986037576532,-0.00553605157080828
"WST",10,"kappa_0.3","app_sparse_hetero",7,"WST_heteroSparse",2.96291897812002,"BALANCED",1764,53,60,0,0,0,3,5,FALSE,-0.179584553128266,-0.118671242559306,-0.145593925621309,0.0738746052461707,-0.189128371605704,0.204049747362998,-0.0339906275069568,0.00954381847743768,0.0435344459843945
"WST",10,"kappa_0.3","app_sparse_hetero",7,"WST_heteroSparse",2.96291897812002,"BALANCED",1765,54,60,0,0,0,5,5,TRUE,-0.230050756790301,0.262222921136187,-0.248600852358892,0.281924828894929,-0.23499223022245,0.183748530695374,0.0185500955685907,0.00494147343214912,-0.0136086221364415
"WST",10,"kappa_0.3","app_sparse_hetero",7,"WST_heteroSparse",2.96291897812002,"BALANCED",1766,55,60,0,1,1,8,5,FALSE,-1.92152235160155,-0.0287840401735476,-1.87114263398494,0.116713748494689,-2.12162044543404,0.112844751728501,-0.0503797176166039,0.200098093832489,0.250477811449093
"WST",10,"kappa_0.3","app_sparse_hetero",7,"WST_heteroSparse",2.96291897812002,"BALANCED",1767,56,60,0,0,0,3,5,FALSE,-0.423462342186774,0.27600573769116,-0.338372512819436,0.168913917098432,-0.446901116001971,0.271490988240199,-0.0850898293673374,0.0234387738151973,0.108528603182535
"WST",10,"kappa_0.3","app_sparse_hetero",7,"WST_heteroSparse",2.96291897812002,"BALANCED",1768,57,60,0,0,0,2,5,FALSE,-0.256761079007819,0.200480400402561,-0.23483094100504,0.3226902428152,-0.295781066441511,0.232442986678879,-0.0219301380027792,0.0390199874336918,0.060950125436471
"WST",10,"kappa_0.3","app_sparse_hetero",7,"WST_heteroSparse",2.96291897812002,"BALANCED",1769,58,60,0,0,0,8,5,FALSE,-0.162880536510935,-0.0146352603834514,-0.186338593479452,0.253985633062512,-0.180675554252572,0.106728539387591,0.0234580569685177,0.0177950177416371,-0.00566303922688061
"WST",10,"kappa_0.3","app_sparse_hetero",7,"WST_heteroSparse",2.96291897812002,"BALANCED",1770,59,60,0,0,0,10,5,FALSE,-0.24857363437081,0.463449929730947,-0.217932156064394,0.319845057444041,-0.207278672766104,0.0225935127275779,-0.030641478306416,-0.0412949616047058,-0.0106534832982899
"WST",10,"kappa_0.3","app_sparse_hetero",7,"WST_heteroSparse",2.96291897812002,"BALANCED",1771,1,61,0,0,0,2,1,FALSE,-0.332912702679113,0.247063836332372,-0.281978175280802,0.10409479582537,-0.244069947108568,0.280604087302366,-0.0509345273983115,-0.0888427555705453,-0.0379082281722338
"WST",10,"kappa_0.3","app_sparse_hetero",7,"WST_heteroSparse",2.96291897812002,"BALANCED",1772,2,61,0,1,1,9,1,FALSE,-1.39477036909672,0.250064135394439,-1.42194765222673,0.234673289042334,-1.36711546439527,0.0419818464672163,0.027177283130011,-0.0276549047014534,-0.0548321878314644
"WST",10,"kappa_0.3","app_sparse_hetero",7,"WST_heteroSparse",2.96291897812002,"BALANCED",1773,3,61,0,1,1,1,1,TRUE,-3.13478197993155,0.482852905869706,-4.12210013195421,0.217942955600158,-4.04553486056448,0.507570220779362,0.987318152022659,0.910752880632924,-0.0765652713897342
"WST",10,"kappa_0.3","app_sparse_hetero",7,"WST_heteroSparse",2.96291897812002,"BALANCED",1774,4,61,0,1,1,8,1,FALSE,-1.56179180503317,0.164029045083402,-1.41389116912727,0.358608080295482,-1.47677185233074,0.294191660864526,-0.147900635905899,-0.0850199527024271,0.0628806832034714
"WST",10,"kappa_0.3","app_sparse_hetero",7,"WST_heteroSparse",2.96291897812002,"BALANCED",1775,5,61,0,1,1,7,1,FALSE,-1.42816786269429,0.0577516703311973,-1.36446831829379,0.375981286756678,-1.42303140737766,0.151522420781528,-0.0636995444004915,-0.00513645531662732,0.0585630890838642
"WST",10,"kappa_0.3","app_sparse_hetero",7,"WST_heteroSparse",2.96291897812002,"BALANCED",1776,6,61,1,0,1,4,1,FALSE,-3.6478238059905,0.158187255042575,-4.10754879549169,0.140015109763446,-4.02423816693302,0.193233369431282,0.459724989501193,0.376414360942523,-0.08331062855867
"WST",10,"kappa_0.3","app_sparse_hetero",7,"WST_heteroSparse",2.96291897812002,"BALANCED",1777,7,61,0,0,0,6,1,FALSE,-0.491852695588875,0.298470414024851,-0.420237778106404,0.273129483313706,-0.399395029050341,0.174107668547609,-0.0716149174824707,-0.0924576665385342,-0.0208427490560634
"WST",10,"kappa_0.3","app_sparse_hetero",7,"WST_heteroSparse",2.96291897812002,"BALANCED",1778,8,61,0,0,0,9,1,FALSE,-0.349899728021458,0.53681151842765,-0.28270737850589,0.125288819960335,-0.281091240972101,0.26200487356319,-0.067192349515568,-0.068808487049357,-0.00161613753378909
"WST",10,"kappa_0.3","app_sparse_hetero",7,"WST_heteroSparse",2.96291897812002,"BALANCED",1779,9,61,0,0,0,3,1,FALSE,-0.228588186778637,0.264145328871886,-0.230232089916064,0.282936692857079,-0.25563489741381,0.459866003308039,0.00164390313742668,0.0270467106351733,0.0254028074977466
"WST",10,"kappa_0.3","app_sparse_hetero",7,"WST_heteroSparse",2.96291897812002,"BALANCED",1780,10,61,0,0,0,3,1,FALSE,-0.23740850093955,0.406981130494553,-0.239377053560609,0.43051020773125,-0.266238448715105,0.469849538135354,0.00196855262105977,0.0288299477755558,0.026861395154496
"WST",10,"kappa_0.3","app_sparse_hetero",7,"WST_heteroSparse",2.96291897812002,"BALANCED",1781,11,61,0,1,1,9,1,FALSE,-1.50186757642887,0.218320843360253,-1.5298733747576,0.105257145839395,-1.47514134192695,0.155154766639184,0.0280057983287305,-0.0267262345019139,-0.0547320328306444
"WST",10,"kappa_0.3","app_sparse_hetero",7,"WST_heteroSparse",2.96291897812002,"BALANCED",1782,12,61,0,2,2,6,1,FALSE,-3.44835762359477,0.330730907389383,-3.39037279421215,0.717756340510116,-3.46181320653708,0.0903905149527335,-0.0579848293826268,0.0134555829423118,0.0714404123249386
"WST",10,"kappa_0.3","app_sparse_hetero",7,"WST_heteroSparse",2.96291897812002,"BALANCED",1783,13,61,0,0,0,7,1,FALSE,-0.392149692439917,0.280917103719822,-0.406771932186666,0.203627801764272,-0.352764980919737,0.0215433604689539,0.0146222397467488,-0.0393847115201797,-0.0540069512669286
"WST",10,"kappa_0.3","app_sparse_hetero",7,"WST_heteroSparse",2.96291897812002,"BALANCED",1784,14,61,0,0,0,1,1,TRUE,-0.502093606705307,0.118050629521358,-0.392159784973204,0.262950862660657,-0.334357211322094,0.567519465351291,-0.109933821732103,-0.167736395383213,-0.0578025736511103
"WST",10,"kappa_0.3","app_sparse_hetero",7,"WST_heteroSparse",2.96291897812002,"BALANCED",1785,15,61,0,0,0,5,1,FALSE,-0.397688168017322,0.432060588156846,-0.495454058069256,0.280994608026705,-0.498209201293345,0.194356831246804,0.0977658900519334,0.100521033276022,0.0027551432240891
"WST",10,"kappa_0.3","app_sparse_hetero",7,"WST_heteroSparse",2.96291897812002,"BALANCED",1786,16,61,0,1,1,10,1,FALSE,-1.65231762943341,0.446301148709702,-1.37039629296204,0.490274704269203,-1.44502228032934,0.119648623746494,-0.281921336471368,-0.207295349104073,0.0746259873672948
"WST",10,"kappa_0.3","app_sparse_hetero",7,"WST_heteroSparse",2.96291897812002,"BALANCED",1787,17,61,0,2,2,5,1,FALSE,-4.13737080509797,0.270666084593181,-3.43775269070534,0.647401703869665,-3.3125898268878,1.18514351480327,-0.69961811439263,-0.824780978210163,-0.125162863817533
"WST",10,"kappa_0.3","app_sparse_hetero",7,"WST_heteroSparse",2.96291897812002,"BALANCED",1788,18,61,0,1,1,9,1,FALSE,-1.60824122862872,0.250087324083734,-1.6662664365345,0.228388811244463,-1.58622795953842,-0.00512413772303975,0.0580252079057804,-0.0220132690903014,-0.0800384769960818
"WST",10,"kappa_0.3","app_sparse_hetero",7,"WST_heteroSparse",2.96291897812002,"BALANCED",1789,19,61,0,0,0,8,1,FALSE,-0.518680076397082,0.127498152979583,-0.439659204535503,0.088963756573558,-0.43460392550236,-0.103151470577453,-0.0790208718615792,-0.0840761508947221,-0.00505527903314285
"WST",10,"kappa_0.3","app_sparse_hetero",7,"WST_heteroSparse",2.96291897812002,"BALANCED",1790,20,61,0,1,1,1,1,TRUE,-3.08715882871053,0.568974761612314,-4.00643291768905,0.126459297881195,-4.13467462178526,0.259294958269907,0.919274088978515,1.04751579307473,0.128241704096215
"WST",10,"kappa_0.3","app_sparse_hetero",7,"WST_heteroSparse",2.96291897812002,"BALANCED",1791,21,61,0,0,0,1,1,TRUE,-0.509237258827357,0.241281049564763,-0.402760161037056,0.374352687423805,-0.365386793488134,0.485520615174583,-0.106477097790301,-0.143850465339224,-0.0373733675489225
"WST",10,"kappa_0.3","app_sparse_hetero",7,"WST_heteroSparse",2.96291897812002,"BALANCED",1792,22,61,0,0,0,7,1,FALSE,-0.397814648217128,0.325089969500979,-0.353466718851091,0.0655288539866895,-0.33094356404905,0.127199443415775,-0.0443479293660376,-0.0668710841680786,-0.022523154802041
"WST",10,"kappa_0.3","app_sparse_hetero",7,"WST_heteroSparse",2.96291897812002,"BALANCED",1793,23,61,0,0,0,5,1,FALSE,-0.396168894545627,0.136148826665352,-0.484095323600354,0.032503965806052,-0.500792852391942,0.0378488879351457,0.0879264290547264,0.104623957846315,0.0166975287915889
"WST",10,"kappa_0.3","app_sparse_hetero",7,"WST_heteroSparse",2.96291897812002,"BALANCED",1794,24,61,0,0,0,1,1,TRUE,-0.61627383005433,0.225158147890172,-0.488230395131853,0.205307281647122,-0.421974330038084,0.276734897066678,-0.128043434922477,-0.194299500016245,-0.0662560650937687
"WST",10,"kappa_0.3","app_sparse_hetero",7,"WST_heteroSparse",2.96291897812002,"BALANCED",1795,25,61,0,0,0,10,1,FALSE,-0.265735580381485,0.0350261545893962,-0.312352134904629,0.213504504053645,-0.264122287863051,-0.0279475673597043,0.0466165545231441,-0.00161329251843423,-0.0482298470415783
"WST",10,"kappa_0.3","app_sparse_hetero",7,"WST_heteroSparse",2.96291897812002,"BALANCED",1796,26,61,0,0,0,2,1,FALSE,-0.331300986998121,0.265523926480883,-0.272125948403232,0.342744084909474,-0.28842472900994,0.308332620934328,-0.0591750385948888,-0.0428762579881807,0.0162987806067081
"WST",10,"kappa_0.3","app_sparse_hetero",7,"WST_heteroSparse",2.96291897812002,"BALANCED",1797,27,61,0,0,0,2,1,FALSE,-0.221529263393919,0.0248017077707789,-0.183692949333051,0.389777382267987,-0.193344060741378,0.346708811071711,-0.0378363140608675,-0.0281852026525407,0.00965111140832686
"WST",10,"kappa_0.3","app_sparse_hetero",7,"WST_heteroSparse",2.96291897812002,"BALANCED",1798,28,61,0,1,1,6,1,FALSE,-1.5532815183609,0.0857050031391179,-1.63980565299088,0.17931397221456,-1.54622468149937,0.178610799630995,0.0865241346299754,-0.00705683686153513,-0.0935809714915106
"WST",10,"kappa_0.3","app_sparse_hetero",7,"WST_heteroSparse",2.96291897812002,"BALANCED",1799,29,61,0,1,1,7,1,FALSE,-1.60105320180624,0.184962222308045,-1.58315963697683,-0.0742594031763187,-1.55578778581391,0.141902896983038,-0.0178935648294081,-0.0452654159923256,-0.0273718511629175
"WST",10,"kappa_0.3","app_sparse_hetero",7,"WST_heteroSparse",2.96291897812002,"BALANCED",1800,30,61,0,1,1,8,1,FALSE,-1.59333038288108,0.289170702946005,-1.61425940353947,0.222017401511689,-1.56132181138305,0.123765648743709,0.020929020658385,-0.0320085714980269,-0.0529375921564119
"WST",10,"kappa_0.3","app_sparse_hetero",7,"WST_heteroSparse",2.96291897812002,"BALANCED",1801,31,61,0,2,2,7,1,FALSE,-3.63242533355058,0.24267565795638,-3.17108621009672,0.633014617531413,-3.17228078505968,0.723616708599975,-0.461339123453861,-0.460144548490906,0.00119457496295539
"WST",10,"kappa_0.3","app_sparse_hetero",7,"WST_heteroSparse",2.96291897812002,"BALANCED",1802,32,61,0,0,0,4,1,FALSE,-0.474056197144835,0.359177622768811,-0.561863017362428,0.198080809530571,-0.569979137100246,0.0577659700140799,0.087806820217593,0.0959229399554111,0.00811611973781812
"WST",10,"kappa_0.3","app_sparse_hetero",7,"WST_heteroSparse",2.96291897812002,"BALANCED",1803,33,61,0,0,0,4,1,FALSE,-0.477817510767376,0.362271930546586,-0.572072521265504,0.234031902310887,-0.587012706797808,0.0264976652326979,0.0942550104981281,0.109195196030432,0.0149401855323044
"WST",10,"kappa_0.3","app_sparse_hetero",7,"WST_heteroSparse",2.96291897812002,"BALANCED",1804,34,61,0,1,1,6,1,FALSE,-1.54641404623931,-0.0714952785747374,-1.6382992088275,0.124642323574364,-1.5398193345909,0.082584107749412,0.0918851625881922,-0.00659471164841019,-0.0984798742366024
"WST",10,"kappa_0.3","app_sparse_hetero",7,"WST_heteroSparse",2.96291897812002,"BALANCED",1805,35,61,0,0,0,3,1,FALSE,-0.285191886268518,0.364605255196727,-0.2775722005498,0.244510221369448,-0.302913575773157,0.525459881022455,-0.00761968571871829,0.017721689504639,0.0253413752233573
"WST",10,"kappa_0.3","app_sparse_hetero",7,"WST_heteroSparse",2.96291897812002,"BALANCED",1806,36,61,0,1,1,5,1,FALSE,-2.12707680691211,-0.058060589636596,-1.76633801180135,0.166417056925984,-1.72070782936009,0.453016874468389,-0.36073879511076,-0.406368977552027,-0.0456301824412675
"WST",10,"kappa_0.3","app_sparse_hetero",7,"WST_heteroSparse",2.96291897812002,"BALANCED",1807,37,61,0,0,0,7,1,FALSE,-0.485524089660786,0.37199796518331,-0.394326845231436,0.184757174328514,-0.363979510568002,0.195061766564525,-0.0911972444293498,-0.121544579092784,-0.0303473346634346
"WST",10,"kappa_0.3","app_sparse_hetero",7,"WST_heteroSparse",2.96291897812002,"BALANCED",1808,38,61,0,0,0,9,1,FALSE,-0.401954624084839,0.206820562685735,-0.334983088731165,0.523256102310045,-0.318337438545205,0.0616645635534065,-0.066971535353674,-0.0836171855396337,-0.0166456501859598
"WST",10,"kappa_0.3","app_sparse_hetero",7,"WST_heteroSparse",2.96291897812002,"BALANCED",1809,39,61,0,0,0,8,1,FALSE,-0.24266273056519,0.224888712877758,-0.261580988136985,0.152036033735885,-0.258598846158572,0.605514932351961,0.0189182575717952,0.0159361155933819,-0.00298214197841329
"WST",10,"kappa_0.3","app_sparse_hetero",7,"WST_heteroSparse",2.96291897812002,"BALANCED",1810,40,61,0,0,0,10,1,FALSE,-0.482251211270281,0.196208079777576,-0.564492637178472,0.234034376839062,-0.467107919626168,0.323639920780765,0.0822414259081912,-0.0151432916441125,-0.0973847175523037
"WST",10,"kappa_0.3","app_sparse_hetero",7,"WST_heteroSparse",2.96291897812002,"BALANCED",1811,41,61,0,1,1,6,1,FALSE,-1.486676828931,0.22892291056044,-1.5468490529774,-0.131855383731418,-1.48083195896095,0.195142232564887,0.060172224046398,-0.00584486997004507,-0.0660170940164431
"WST",10,"kappa_0.3","app_sparse_hetero",7,"WST_heteroSparse",2.96291897812002,"BALANCED",1812,42,61,0,0,0,1,1,TRUE,-0.568377088954175,0.310278973510488,-0.467772696576528,0.337435911446401,-0.401252056555935,0.574243553576356,-0.100604392377647,-0.16712503239824,-0.0665206400205935
"WST",10,"kappa_0.3","app_sparse_hetero",7,"WST_heteroSparse",2.96291897812002,"BALANCED",1813,43,61,0,0,0,4,1,FALSE,-0.420678618892538,0.286715684300334,-0.511799205417425,0.188016989430875,-0.528325312215824,-0.0329863693980939,0.0911205865248874,0.107646693323287,0.0165261067983993
"WST",10,"kappa_0.3","app_sparse_hetero",7,"WST_heteroSparse",2.96291897812002,"BALANCED",1814,44,61,0,0,0,9,1,FALSE,-0.51476237970529,0.0532625191210808,-0.446568128973959,0.530067819974475,-0.427855120504305,-0.100218439755635,-0.0681942507313309,-0.0869072592009843,-0.0187130084696534
"WST",10,"kappa_0.3","app_sparse_hetero",7,"WST_heteroSparse",2.96291897812002,"BALANCED",1815,45,61,0,0,0,2,1,FALSE,-0.384809627804514,0.230141158374287,-0.339127648205775,-0.177727480728536,-0.352000344976323,0.0702776482049761,-0.0456819795987391,-0.0328092828281905,0.0128726967705486
"WST",10,"kappa_0.3","app_sparse_hetero",7,"WST_heteroSparse",2.96291897812002,"BALANCED",1816,46,61,0,1,1,6,1,FALSE,-2.08198200221245,0.089493675080756,-1.7705932897083,0.333529277010166,-1.70471833612991,0.615704441657713,-0.311388712504153,-0.37726366608254,-0.0658749535783878
"WST",10,"kappa_0.3","app_sparse_hetero",7,"WST_heteroSparse",2.96291897812002,"BALANCED",1817,47,61,0,1,1,10,1,FALSE,-1.92554872067917,0.417581007654639,-1.70347069913879,0.378093894230821,-1.73028205527135,0.0328267334176744,-0.222078021540388,-0.195266665407821,0.0268113561325665
"WST",10,"kappa_0.3","app_sparse_hetero",7,"WST_heteroSparse",2.96291897812002,"BALANCED",1818,48,61,0,0,0,4,1,FALSE,-0.515726144941838,0.465627926513037,-0.613253225108841,0.349639522050928,-0.624708609332244,0.0960891060764424,0.0975270801670032,0.108982464390406,0.0114553842234031
"WST",10,"kappa_0.3","app_sparse_hetero",7,"WST_heteroSparse",2.96291897812002,"BALANCED",1819,49,61,0,0,0,10,1,FALSE,-0.352110680389627,0.227542781332118,-0.426495193769558,0.431394335142794,-0.361075639610307,0.105458999231361,0.0743845133799308,0.00896495922067952,-0.0654195541592513
"WST",10,"kappa_0.3","app_sparse_hetero",7,"WST_heteroSparse",2.96291897812002,"BALANCED",1820,50,61,0,0,0,8,1,FALSE,-0.434448600047847,0.160113679557429,-0.496196118885152,0.18694443217953,-0.417763418137007,0.118955822370771,0.0617475188373051,-0.01668518191084,-0.0784327007481451
"WST",10,"kappa_0.3","app_sparse_hetero",7,"WST_heteroSparse",2.96291897812002,"BALANCED",1821,51,61,0,0,0,7,1,FALSE,-0.599030411147115,0.423241028462043,-0.52350830055503,0.251655810084462,-0.489340757460944,0.0519914976816295,-0.0755221105920851,-0.109689653686171,-0.0341675430940862
"WST",10,"kappa_0.3","app_sparse_hetero",7,"WST_heteroSparse",2.96291897812002,"BALANCED",1822,52,61,0,0,0,10,1,FALSE,-0.345910036825331,-0.222843832595959,-0.401357682855722,0.35332915278632,-0.330327226104921,0.0626325865612276,0.055447646030391,-0.0155828107204101,-0.0710304567508011
"WST",10,"kappa_0.3","app_sparse_hetero",7,"WST_heteroSparse",2.96291897812002,"BALANCED",1823,53,61,0,0,0,3,1,FALSE,-0.174631111212902,0.332295118905673,-0.146500815439047,0.29540080144476,-0.163492322652105,0.470485733648493,-0.0281302957738552,-0.011138788560797,0.0169915072130582
"WST",10,"kappa_0.3","app_sparse_hetero",7,"WST_heteroSparse",2.96291897812002,"BALANCED",1824,54,61,0,1,1,5,1,FALSE,-1.74087750828037,0.330449345522684,-1.4499083524184,-0.0101326739160135,-1.44888739325601,0.354697383842797,-0.290969155861972,-0.291990115024362,-0.00102095916238998
"WST",10,"kappa_0.3","app_sparse_hetero",7,"WST_heteroSparse",2.96291897812002,"BALANCED",1825,55,61,0,0,0,8,1,FALSE,-0.524235628365835,0.305785630518218,-0.633350173828572,0.267496505606054,-0.543365749436853,-0.0111506103338684,0.109114545462737,0.0191301210710177,-0.0899844243917194
"WST",10,"kappa_0.3","app_sparse_hetero",7,"WST_heteroSparse",2.96291897812002,"BALANCED",1826,56,61,0,0,0,3,1,FALSE,-0.356171780559462,0.334018396156022,-0.349403256948999,0.281175750021575,-0.385867156911456,0.529233951445308,-0.00676852361046354,0.0296953763519943,0.0364638999624578
"WST",10,"kappa_0.3","app_sparse_hetero",7,"WST_heteroSparse",2.96291897812002,"BALANCED",1827,57,61,0,0,0,2,1,FALSE,-0.294610940806606,0.472271090304093,-0.241862407921246,0.296993907534828,-0.254785130959013,0.198844716194523,-0.0527485328853592,-0.0398258098475921,0.0129227230377671
"WST",10,"kappa_0.3","app_sparse_hetero",7,"WST_heteroSparse",2.96291897812002,"BALANCED",1828,58,61,0,0,0,8,1,FALSE,-0.350793123339577,0.105466561837858,-0.396439705143536,0.31012905913655,-0.352512106748286,0.103707043598922,0.0456465818039584,0.00171898340870857,-0.0439275983952498
"WST",10,"kappa_0.3","app_sparse_hetero",7,"WST_heteroSparse",2.96291897812002,"BALANCED",1829,59,61,0,0,0,10,1,FALSE,-0.472137779602621,0.148228532503004,-0.486968167014157,0.0608639575371026,-0.467881465218139,0.174533753576282,0.0148303874115365,-0.00425631438448182,-0.0190867017960183
"WST",10,"kappa_0.3","app_sparse_hetero",7,"WST_heteroSparse",2.96291897812002,"BALANCED",1830,60,61,0,0,0,5,1,FALSE,-0.378173478899804,0.285591985114308,-0.315785408668628,0.185191997064926,-0.318852030374737,0.167698920410914,-0.0623880702311759,-0.0593214485250666,0.00306662170610927
"WST",10,"kappa_0.3","app_sparse_hetero",7,"WST_heteroSparse",2.96291897812002,"BALANCED",1831,1,62,0,0,0,2,6,FALSE,-0.228801591855952,0.144633739129958,-0.229841065346196,0.317479036629698,-0.235773222537904,0.105668147096045,0.00103947349024391,0.00697163068195206,0.00593215719170814
"WST",10,"kappa_0.3","app_sparse_hetero",7,"WST_heteroSparse",2.96291897812002,"BALANCED",1832,2,62,0,0,0,9,6,FALSE,-0.238561417355315,0.524792266835436,-0.256833342496225,0.440866057602334,-0.20301608834545,0.403562140827525,0.0182719251409091,-0.0355453290098655,-0.0538172541507747
"WST",10,"kappa_0.3","app_sparse_hetero",7,"WST_heteroSparse",2.96291897812002,"BALANCED",1833,3,62,0,0,0,1,6,FALSE,-0.270301329197965,0.198924039638293,-0.268589454860932,0.250707843907595,-0.267618871378783,0.0534614884946275,-0.00171187433703235,-0.00268245781918175,-0.000970583482149401
"WST",10,"kappa_0.3","app_sparse_hetero",7,"WST_heteroSparse",2.96291897812002,"BALANCED",1834,4,62,0,0,0,8,6,FALSE,-0.208187960904518,0.313451936623727,-0.168011305090582,0.124904786933293,-0.177634218254483,0.483981808124525,-0.0401766558139363,-0.0305537426500351,0.00962291316390118
"WST",10,"kappa_0.3","app_sparse_hetero",7,"WST_heteroSparse",2.96291897812002,"BALANCED",1835,5,62,1,0,1,7,6,FALSE,-2.97825123422704,0.615639568917311,-3.50078706376701,-0.0412958988809061,-2.9303203051446,1.17239830318334,0.522535829539971,-0.0479309290824386,-0.57046675862241
"WST",10,"kappa_0.3","app_sparse_hetero",7,"WST_heteroSparse",2.96291897812002,"BALANCED",1836,6,62,0,0,0,4,6,FALSE,-0.31600439558478,0.280165062525168,-0.326979408296746,0.0676201034781766,-0.339274590976625,0.38571800304452,0.0109750127119668,0.023270195391845,0.0122951826798783
"WST",10,"kappa_0.3","app_sparse_hetero",7,"WST_heteroSparse",2.96291897812002,"BALANCED",1837,7,62,0,0,0,6,6,TRUE,-0.201566637534143,0.273540766730712,-0.19235495706228,0.0862355208042073,-0.175736055800873,0.159909027183131,-0.00921168047186338,-0.0258305817332705,-0.0166189012614071
"WST",10,"kappa_0.3","app_sparse_hetero",7,"WST_heteroSparse",2.96291897812002,"BALANCED",1838,8,62,0,0,0,9,6,FALSE,-0.153931378688666,0.41905684930108,-0.169333093025636,0.519517737165046,-0.130536085098188,0.516473667476156,0.0154017143369698,-0.023395293590478,-0.0387970079274478
"WST",10,"kappa_0.3","app_sparse_hetero",7,"WST_heteroSparse",2.96291897812002,"BALANCED",1839,9,62,0,0,0,3,6,FALSE,-0.233768245478431,0.0789063995588581,-0.24930564017385,0.149144870908861,-0.265150185434557,0.222901226644295,0.0155373946954196,0.0313819399561259,0.0158445452607063
"WST",10,"kappa_0.3","app_sparse_hetero",7,"WST_heteroSparse",2.96291897812002,"BALANCED",1840,10,62,1,0,1,3,6,FALSE,-1.96428809683607,0.591224071380242,-1.88004069617792,0.473471002544118,-1.73349311286523,0.0393030453526394,-0.0842474006581515,-0.230794983970841,-0.14654758331269
"WST",10,"kappa_0.3","app_sparse_hetero",7,"WST_heteroSparse",2.96291897812002,"BALANCED",1841,11,62,0,1,1,9,6,FALSE,-2.11411884533114,0.435461231778449,-2.09451318218321,0.324755010492023,-2.19137812664789,0.178255472868628,-0.0196056631479262,0.0772592813167501,0.0968649444646763
"WST",10,"kappa_0.3","app_sparse_hetero",7,"WST_heteroSparse",2.96291897812002,"BALANCED",1842,12,62,0,0,0,6,6,TRUE,-0.181968347787941,0.130824070569555,-0.163065505566832,0.256885424047474,-0.162376752145144,0.123976518922279,-0.0189028422211095,-0.0195915956427974,-0.000688753421687949
"WST",10,"kappa_0.3","app_sparse_hetero",7,"WST_heteroSparse",2.96291897812002,"BALANCED",1843,13,62,0,0,0,7,6,FALSE,-0.175331093437577,0.0378513249736567,-0.147089279445609,0.0443817745511068,-0.152034864101749,0.144078318282248,-0.0282418139919676,-0.0232962293358279,0.0049455846561397
"WST",10,"kappa_0.3","app_sparse_hetero",7,"WST_heteroSparse",2.96291897812002,"BALANCED",1844,14,62,1,0,1,1,6,FALSE,-1.82339625516032,0.265606090507014,-1.70342318521627,0.245880476480214,-1.77451237902719,0.28609825012793,-0.11997306994405,-0.0488838761331358,0.0710891938109146
"WST",10,"kappa_0.3","app_sparse_hetero",7,"WST_heteroSparse",2.96291897812002,"BALANCED",1845,15,62,0,0,0,5,6,FALSE,-0.212296454545336,0.197686138993746,-0.219212035701367,-0.189710318554475,-0.229435377437723,0.442908049028488,0.00691558115603108,0.0171389228923875,0.0102233417363564
"WST",10,"kappa_0.3","app_sparse_hetero",7,"WST_heteroSparse",2.96291897812002,"BALANCED",1846,16,62,0,0,0,10,6,FALSE,-0.144222996979244,0.18594002202768,-0.136260365511624,0.308493341624094,-0.170138753433886,0.309864801840252,-0.00796263146762044,0.0259157564546415,0.0338783879222619
"WST",10,"kappa_0.3","app_sparse_hetero",7,"WST_heteroSparse",2.96291897812002,"BALANCED",1847,17,62,0,0,0,5,6,FALSE,-0.249357635974888,0.196251055439442,-0.255423461050132,0.11504682887124,-0.270523729046855,0.385318061335327,0.00606582507524411,0.021166093071967,0.0151002679967229
"WST",10,"kappa_0.3","app_sparse_hetero",7,"WST_heteroSparse",2.96291897812002,"BALANCED",1848,18,62,0,0,0,9,6,FALSE,-0.170339829382998,0.529611762147867,-0.182683510638259,0.284787593403453,-0.14785838150986,0.47875529046003,0.0123436812552606,-0.0224814478731385,-0.0348251291283992
"WST",10,"kappa_0.3","app_sparse_hetero",7,"WST_heteroSparse",2.96291897812002,"BALANCED",1849,19,62,0,0,0,8,6,FALSE,-0.217907000876616,0.14112179320636,-0.197692867753525,0.0972116426459478,-0.186526504325208,0.124795775407009,-0.0202141331230914,-0.0313804965514084,-0.011166363428317
"WST",10,"kappa_0.3","app_sparse_hetero",7,"WST_heteroSparse",2.96291897812002,"BALANCED",1850,20,62,1,0,1,1,6,FALSE,-1.76105886738705,0.167576642624407,-1.63884306129887,0.24445839318563,-1.71267839973808,0.0151002249269541,-0.122215806088176,-0.048380467648963,0.0738353384392125
"WST",10,"kappa_0.3","app_sparse_hetero",7,"WST_heteroSparse",2.96291897812002,"BALANCED",1851,21,62,0,0,0,1,6,FALSE,-0.313990740471989,-0.00645014929863529,-0.317792500157493,0.0915870469798692,-0.334331679605614,0.403568148109807,0.003801759685504,0.0203409391336251,0.0165391794481211
"WST",10,"kappa_0.3","app_sparse_hetero",7,"WST_heteroSparse",2.96291897812002,"BALANCED",1852,22,62,0,0,0,7,6,FALSE,-0.183698755644138,0.370538922026669,-0.173747039692874,0.299543090553915,-0.153182126673831,0.302313231733813,-0.00995171595126454,-0.0305166289703074,-0.0205649130190428
"WST",10,"kappa_0.3","app_sparse_hetero",7,"WST_heteroSparse",2.96291897812002,"BALANCED",1853,23,62,0,0,0,5,6,FALSE,-0.212088575051155,-0.111687923680064,-0.219572197912954,0.142881637475448,-0.23210602158388,0.332494158770193,0.00748362286179916,0.0200174465327256,0.0125338236709265
"WST",10,"kappa_0.3","app_sparse_hetero",7,"WST_heteroSparse",2.96291897812002,"BALANCED",1854,24,62,0,0,0,1,6,FALSE,-0.363512620872671,0.153676374753636,-0.37145794758867,-0.0214268881646459,-0.379468196408874,0.36683248783845,0.00794532671599946,0.0159555755362035,0.00801024882020407
"WST",10,"kappa_0.3","app_sparse_hetero",7,"WST_heteroSparse",2.96291897812002,"BALANCED",1855,25,62,0,0,0,10,6,FALSE,-0.101346792452542,0.2817030331515,-0.0956422854008636,0.344777107094112,-0.111328754942884,0.323796387087599,-0.00570450705167858,0.00998196249034145,0.01568646954202
"WST",10,"kappa_0.3","app_sparse_hetero",7,"WST_heteroSparse",2.96291897812002,"BALANCED",1856,26,62,0,0,0,2,6,FALSE,-0.258475725617762,0.0227236344625238,-0.276474862043913,0.0306044059747324,-0.300288451775762,0.0331339124217555,0.0179991364261509,0.0418127261579997,0.0238135897318488
"WST",10,"kappa_0.3","app_sparse_hetero",7,"WST_heteroSparse",2.96291897812002,"BALANCED",1857,27,62,1,0,1,2,6,FALSE,-2.24196494742011,0.385879905338201,-2.1077184590323,0.126160759590545,-2.00019680277216,0.174138945652612,-0.134246488387802,-0.241768144647946,-0.107521656260144
"WST",10,"kappa_0.3","app_sparse_hetero",7,"WST_heteroSparse",2.96291897812002,"BALANCED",1858,28,62,0,0,0,6,6,TRUE,-0.173015699614417,0.0728525589956993,-0.179355004087789,0.182437273119084,-0.158976224935698,0.0752622020496741,0.00633930447337239,-0.0140394746787189,-0.0203787791520913
"WST",10,"kappa_0.3","app_sparse_hetero",7,"WST_heteroSparse",2.96291897812002,"BALANCED",1859,29,62,0,0,0,7,6,FALSE,-0.181669796430284,-0.0638550376172429,-0.168528904307149,0.293658923161161,-0.153028037523588,-0.0116597880384864,-0.0131408921231344,-0.0286417589066961,-0.0155008667835617
"WST",10,"kappa_0.3","app_sparse_hetero",7,"WST_heteroSparse",2.96291897812002,"BALANCED",1860,30,62,0,0,0,8,6,FALSE,-0.18028014208081,0.383307500917197,-0.200158158040739,0.179970427225729,-0.151840389749895,0.497853282184135,0.0198780159599288,-0.0284397523309154,-0.0483177682908442
"WST",10,"kappa_0.3","app_sparse_hetero",7,"WST_heteroSparse",2.96291897812002,"BALANCED",1861,31,62,0,1,1,7,6,FALSE,-3.2225900869647,0.261086068171725,-4.17673913266622,0.267113770955725,-4.01764005611828,0.635422056119691,0.954149045701516,0.79504996915358,-0.159099076547936
"WST",10,"kappa_0.3","app_sparse_hetero",7,"WST_heteroSparse",2.96291897812002,"BALANCED",1862,32,62,0,0,0,4,6,FALSE,-0.247250491706847,0.256234323931809,-0.255332180323037,-0.016997623898896,-0.264751200475921,0.318336571743915,0.00808168861618963,0.0175007087690737,0.0094190201528841
"WST",10,"kappa_0.3","app_sparse_hetero",7,"WST_heteroSparse",2.96291897812002,"BALANCED",1863,33,62,1,0,1,4,6,FALSE,-1.8748523412716,0.212787964251437,-1.84734309683054,0.216166039967667,-1.77267463885973,-0.121361456707083,-0.0275092444410561,-0.102177702411865,-0.0746684579708088
"WST",10,"kappa_0.3","app_sparse_hetero",7,"WST_heteroSparse",2.96291897812002,"BALANCED",1864,34,62,0,0,0,6,6,TRUE,-0.194333361832237,0.211173286310267,-0.181021740652432,0.0821854461738431,-0.163694114205825,0.258949239048733,-0.0133116211798052,-0.0306392476264126,-0.0173276264466073
"WST",10,"kappa_0.3","app_sparse_hetero",7,"WST_heteroSparse",2.96291897812002,"BALANCED",1865,35,62,0,0,0,3,6,FALSE,-0.289938625814818,0.146288948198779,-0.307354134037462,0.242831012280258,-0.313667431603396,0.0717468199746111,0.0174155082226441,0.0237288057885783,0.00631329756593413
"WST",10,"kappa_0.3","app_sparse_hetero",7,"WST_heteroSparse",2.96291897812002,"BALANCED",1866,36,62,0,0,0,5,6,FALSE,-0.147532791528776,0.254910914504141,-0.150185708189749,-0.0915904081420845,-0.162813507282859,0.475914945429985,0.00265291666097323,0.0152807157540833,0.0126277990931101
"WST",10,"kappa_0.3","app_sparse_hetero",7,"WST_heteroSparse",2.96291897812002,"BALANCED",1867,37,62,0,0,0,7,6,FALSE,-0.193966234207115,0.0372315433695987,-0.188440144589019,0.295316613474358,-0.169120521656173,0.232045110965579,-0.00552608961809575,-0.0248457125509418,-0.0193196229328461
"WST",10,"kappa_0.3","app_sparse_hetero",7,"WST_heteroSparse",2.96291897812002,"BALANCED",1868,38,62,0,0,0,9,6,FALSE,-0.171819518161163,0.502902061459223,-0.187919192692617,-0.0494285222479608,-0.145921894791515,0.486985254070287,0.0160996745314543,-0.025897623369648,-0.0419972979011023
"WST",10,"kappa_0.3","app_sparse_hetero",7,"WST_heteroSparse",2.96291897812002,"BALANCED",1869,39,62,0,0,0,8,6,FALSE,-0.100485120633674,0.14961118807717,-0.0929304730431735,0.107523827783813,-0.115657558150755,0.608949502410132,-0.00755464759050017,0.015172437517081,0.0227270851075811
"WST",10,"kappa_0.3","app_sparse_hetero",7,"WST_heteroSparse",2.96291897812002,"BALANCED",1870,40,62,0,0,0,10,6,FALSE,-0.179511437287396,0.519701289427999,-0.180234939690647,0.0670759891776622,-0.213709974817069,0.474444089018744,0.000723502403250365,0.0341985375296723,0.0334750351264219
"WST",10,"kappa_0.3","app_sparse_hetero",7,"WST_heteroSparse",2.96291897812002,"BALANCED",1871,41,62,0,0,0,6,6,TRUE,-0.202865066555554,0.215784872077919,-0.195712366896482,0.148192108532724,-0.173319354823533,0.274356213466054,-0.00715269965907162,-0.0295457117320215,-0.0223930120729499
"WST",10,"kappa_0.3","app_sparse_hetero",7,"WST_heteroSparse",2.96291897812002,"BALANCED",1872,42,62,0,0,0,1,6,FALSE,-0.355752089833792,-0.0118422221804691,-0.354008679173695,-0.0265805873690114,-0.358319872208747,0.382736939382836,-0.00174341066009642,0.00256778237495503,0.00431119303505145
"WST",10,"kappa_0.3","app_sparse_hetero",7,"WST_heteroSparse",2.96291897812002,"BALANCED",1873,43,62,1,0,1,4,6,FALSE,-1.93118415814021,0.0938134977138426,-1.89882923556075,0.019642865414736,-1.85839882452642,0.0129279867935089,-0.0323549225794633,-0.0727853336137905,-0.0404304110343272
"WST",10,"kappa_0.3","app_sparse_hetero",7,"WST_heteroSparse",2.96291897812002,"BALANCED",1874,44,62,0,0,0,9,6,FALSE,-0.217007110758314,0.621483707766021,-0.249257345819781,0.510540175495219,-0.194185475929711,0.562908008346959,0.0322502350614666,-0.0228216348286034,-0.0550718698900701
"WST",10,"kappa_0.3","app_sparse_hetero",7,"WST_heteroSparse",2.96291897812002,"BALANCED",1875,45,62,0,0,0,2,6,FALSE,-0.250772609706861,0.153297959314409,-0.26233422155568,0.0275437845846033,-0.272737298481224,0.127195837935886,0.0115616118488182,0.0219646887743625,0.0104030769255443
"WST",10,"kappa_0.3","app_sparse_hetero",7,"WST_heteroSparse",2.96291897812002,"BALANCED",1876,46,62,0,0,0,6,6,TRUE,-0.133990451744785,0.271988855965391,-0.141619006210793,0.0393367735992919,-0.148028994882051,0.420993738296312,0.00762855446600863,0.014038543137266,0.00640998867125742
"WST",10,"kappa_0.3","app_sparse_hetero",7,"WST_heteroSparse",2.96291897812002,"BALANCED",1877,47,62,0,0,0,10,6,FALSE,-0.0994118830647839,0.320920858719536,-0.102874479256699,0.267808460430019,-0.121454894582945,0.535698994285207,0.00346259619191525,0.0220430115181607,0.0185804153262454
"WST",10,"kappa_0.3","app_sparse_hetero",7,"WST_heteroSparse",2.96291897812002,"BALANCED",1878,48,62,1,0,1,4,6,FALSE,-1.8457890350743,0.238642866431773,-1.78883435104443,0.465437535959538,-1.78611529157617,0.0720101595658261,-0.0569546840298711,-0.0596737434981272,-0.00271905946825601
"WST",10,"kappa_0.3","app_sparse_hetero",7,"WST_heteroSparse",2.96291897812002,"BALANCED",1879,49,62,0,0,0,10,6,FALSE,-0.126674318548874,0.164258418949299,-0.104016400802807,0.278148052607975,-0.149882836036271,0.243067489260641,-0.0226579177460673,0.0232085174873973,0.0458664352334646
"WST",10,"kappa_0.3","app_sparse_hetero",7,"WST_heteroSparse",2.96291897812002,"BALANCED",1880,50,62,0,0,0,8,6,FALSE,-0.185974405872514,0.215170603686232,-0.163804263479497,0.130083963882506,-0.176158157654703,0.266088307253596,-0.0221701423930174,-0.00981624821781146,0.0123538941752059
"WST",10,"kappa_0.3","app_sparse_hetero",7,"WST_heteroSparse",2.96291897812002,"BALANCED",1881,51,62,0,0,0,7,6,FALSE,-0.289837733292001,0.303987467082721,-0.266913350927811,0.363561096928982,-0.229323213475115,0.288090533938394,-0.0229243823641898,-0.0605145198168859,-0.0375901374526961
"WST",10,"kappa_0.3","app_sparse_hetero",7,"WST_heteroSparse",2.96291897812002,"BALANCED",1882,52,62,0,0,0,10,6,FALSE,-0.12608616084402,0.412800805095608,-0.122964532611867,0.314662651743802,-0.151280831043434,0.548306669468994,-0.00312162823215267,0.0251946701994141,0.0283162984315668
"WST",10,"kappa_0.3","app_sparse_hetero",7,"WST_heteroSparse",2.96291897812002,"BALANCED",1883,53,62,0,0,0,3,6,FALSE,-0.162980418969052,0.19362147352698,-0.15847022518428,0.193754033681707,-0.169031974093111,0.172880859935293,-0.00451019378477202,0.00605155512405986,0.0105617489088319
"WST",10,"kappa_0.3","app_sparse_hetero",7,"WST_heteroSparse",2.96291897812002,"BALANCED",1884,54,62,0,0,0,5,6,FALSE,-0.22511947527598,0.269781681277597,-0.232240721155761,0.16259851884707,-0.247983323658319,0.386510170082903,0.00712124587978114,0.0228638483823396,0.0157426025025584
"WST",10,"kappa_0.3","app_sparse_hetero",7,"WST_heteroSparse",2.96291897812002,"BALANCED",1885,55,62,0,0,0,8,6,FALSE,-0.258333643822016,0.341673942250828,-0.220286184522189,-0.0860247172815414,-0.223910396048444,0.422643304820284,-0.0380474592998263,-0.0344232477735718,0.00362421152625458
"WST",10,"kappa_0.3","app_sparse_hetero",7,"WST_heteroSparse",2.96291897812002,"BALANCED",1886,56,62,0,0,0,3,6,FALSE,-0.358035925252207,0.237790714485576,-0.387680402891076,0.139906468769332,-0.398852272863078,0.193539495311721,0.0296444776388691,0.0408163476108712,0.011171869972002
"WST",10,"kappa_0.3","app_sparse_hetero",7,"WST_heteroSparse",2.96291897812002,"BALANCED",1887,57,62,0,0,0,2,6,FALSE,-0.234716483181216,0.0939438958479193,-0.253053877652794,0.145225025923836,-0.262583861008578,0.165504471992117,0.0183373944715788,0.0278673778273619,0.00952998335578314
"WST",10,"kappa_0.3","app_sparse_hetero",7,"WST_heteroSparse",2.96291897812002,"BALANCED",1888,58,62,0,0,0,8,6,FALSE,-0.134571436734657,0.419212859941536,-0.135261125594168,0.150719306652406,-0.151733577738141,0.00629632621059797,0.00068968885951115,0.0171621410034843,0.0164724521439732
"WST",10,"kappa_0.3","app_sparse_hetero",7,"WST_heteroSparse",2.96291897812002,"BALANCED",1889,59,62,0,2,2,10,6,FALSE,-4.69759038193915,0.324157784916986,-4.50668450868779,0.381452617308608,-4.65310143187913,0.154809010516932,-0.190905873251353,-0.0444889500600123,0.146416923191341
"WST",10,"kappa_0.3","app_sparse_hetero",7,"WST_heteroSparse",2.96291897812002,"BALANCED",1890,60,62,0,0,0,5,6,FALSE,-0.167419075251846,0.187399787802206,-0.155861180830573,0.139385187832822,-0.150824547734469,0.302034262162659,-0.0115578944212729,-0.0165945275173778,-0.00503663309610491
"WST",10,"kappa_0.3","app_sparse_hetero",7,"WST_heteroSparse",2.96291897812002,"BALANCED",1891,61,62,0,0,0,1,6,FALSE,-0.341345995422967,0.0674344641252901,-0.308661077397566,-0.0243159770941699,-0.285055689253461,0.187248252374601,-0.0326849180254012,-0.0562903061695055,-0.0236053881441043
"WST",10,"kappa_0.3","app_sparse_hetero",7,"WST_heteroSparse",2.96291897812002,"BALANCED",1892,1,63,0,0,0,2,4,FALSE,-0.186414706958107,0.160313969913209,-0.161318305824879,0.353483619162008,-0.156045867275253,0.595452067065211,-0.0250964011332284,-0.0303688396828541,-0.00527243854962567
"WST",10,"kappa_0.3","app_sparse_hetero",7,"WST_heteroSparse",2.96291897812002,"BALANCED",1893,2,63,0,0,0,9,4,FALSE,-0.222569310656795,0.261485789337158,-0.229402362996806,0.136362114078619,-0.304682232063526,0.718544501304071,0.00683305234001175,0.0821129214067318,0.07527986906672
"WST",10,"kappa_0.3","app_sparse_hetero",7,"WST_heteroSparse",2.96291897812002,"BALANCED",1894,3,63,0,0,0,1,4,FALSE,-0.171292820802813,0.171934827456729,-0.156634195784738,0.148710609417997,-0.164322615643713,0.373187597552983,-0.0146586250180754,-0.0069702051591003,0.00768841985897506
"WST",10,"kappa_0.3","app_sparse_hetero",7,"WST_heteroSparse",2.96291897812002,"BALANCED",1895,4,63,0,0,0,8,4,FALSE,-0.247179518776472,0.00527129416657719,-0.294778630863051,-0.0308233308116036,-0.255592762056628,0.51367517558435,0.0475991120865791,0.00841324328015602,-0.039185868806423
"WST",10,"kappa_0.3","app_sparse_hetero",7,"WST_heteroSparse",2.96291897812002,"BALANCED",1896,5,63,0,0,0,7,4,FALSE,-0.266948973182815,0.248792477465269,-0.29009184684511,-0.112043409808974,-0.278792517088338,0.408924955507271,0.0231428736622945,0.0118435439055222,-0.0112993297567723
"WST",10,"kappa_0.3","app_sparse_hetero",7,"WST_heteroSparse",2.96291897812002,"BALANCED",1897,6,63,0,0,0,4,4,TRUE,-0.391382193837762,0.289236570864556,-0.474112623223664,0.157170035070521,-0.503055971590847,0.757245390980352,0.0827304293859017,0.111673777753085,0.028943348367183
"WST",10,"kappa_0.3","app_sparse_hetero",7,"WST_heteroSparse",2.96291897812002,"BALANCED",1898,7,63,0,0,0,6,4,FALSE,-0.238018986888916,0.174870765949563,-0.202600424698308,0.335433728514945,-0.257103301354823,0.364672462787876,-0.0354185621906078,0.019084314465907,0.0545028766565148
"WST",10,"kappa_0.3","app_sparse_hetero",7,"WST_heteroSparse",2.96291897812002,"BALANCED",1899,8,63,0,0,0,9,4,FALSE,-0.13895414016553,0.327447848628565,-0.148661054008645,0.0140136907458246,-0.188092956485264,0.593144610663232,0.0097069138431154,0.0491388163197346,0.0394319024766192
"WST",10,"kappa_0.3","app_sparse_hetero",7,"WST_heteroSparse",2.96291897812002,"BALANCED",1900,9,63,0,0,0,3,4,FALSE,-0.244288624545101,-0.150955826093564,-0.200071629598065,0.118786286959881,-0.180627273609686,0.485306249478653,-0.0442169949470363,-0.0636613509354147,-0.0194443559883783
"WST",10,"kappa_0.3","app_sparse_hetero",7,"WST_heteroSparse",2.96291897812002,"BALANCED",1901,10,63,0,0,0,3,4,FALSE,-0.250832199130665,-0.065808852225029,-0.203203781613232,-0.0317760277226159,-0.192783265184751,0.589639636109975,-0.0476284175174326,-0.0580489339459138,-0.0104205164284812
"WST",10,"kappa_0.3","app_sparse_hetero",7,"WST_heteroSparse",2.96291897812002,"BALANCED",1902,11,63,0,0,0,9,4,FALSE,-0.186130250891452,0.10020311290337,-0.197498021264771,-0.0672451562903082,-0.25418479541323,0.735809474904421,0.0113677703733188,0.068054544521778,0.0566867741484591
"WST",10,"kappa_0.3","app_sparse_hetero",7,"WST_heteroSparse",2.96291897812002,"BALANCED",1903,12,63,0,0,0,6,4,FALSE,-0.235520749001558,-0.0731681441481912,-0.253809005628383,0.156287342281781,-0.245984764998958,0.460636036165459,0.0182882566268256,0.0104640159974005,-0.0078242406294251
"WST",10,"kappa_0.3","app_sparse_hetero",7,"WST_heteroSparse",2.96291897812002,"BALANCED",1904,13,63,0,0,0,7,4,FALSE,-0.225416349802304,-0.00645351784562788,-0.259533148095454,0.360544662367237,-0.235358107839732,0.763377544488601,0.0341167982931507,0.00994175803742792,-0.0241750402557228
"WST",10,"kappa_0.3","app_sparse_hetero",7,"WST_heteroSparse",2.96291897812002,"BALANCED",1905,14,63,0,0,0,1,4,FALSE,-0.200261422585548,0.455911939348608,-0.175280281424495,0.202920728173919,-0.199178060728482,0.416782596560315,-0.024981141161053,-0.00108336185706648,0.0238977793039865
"WST",10,"kappa_0.3","app_sparse_hetero",7,"WST_heteroSparse",2.96291897812002,"BALANCED",1906,15,63,0,0,0,5,4,FALSE,-0.262439490345383,0.0703869855517468,-0.322960618351154,0.159248631181897,-0.338418900529334,0.81893910362531,0.0605211280057709,0.0759794101839502,0.0154582821781792
"WST",10,"kappa_0.3","app_sparse_hetero",7,"WST_heteroSparse",2.96291897812002,"BALANCED",1907,16,63,0,0,0,10,4,FALSE,-0.320814198455023,0.156012614407323,-0.346367889566086,-0.0613119118429693,-0.264946537823787,0.673634276755012,0.0255536911110639,-0.055867660631236,-0.0814213517422999
"WST",10,"kappa_0.3","app_sparse_hetero",7,"WST_heteroSparse",2.96291897812002,"BALANCED",1908,17,63,0,0,0,5,4,FALSE,-0.303995495857055,-0.073825281070093,-0.371581957723697,0.0610083732365483,-0.399768232070755,0.804288590324455,0.0675864618666413,0.0957727362137,0.0281862743470587
"WST",10,"kappa_0.3","app_sparse_hetero",7,"WST_heteroSparse",2.96291897812002,"BALANCED",1909,18,63,0,0,0,9,4,FALSE,-0.154684939994802,0.163354162730111,-0.16363318622842,-0.101047286728875,-0.216563694625365,0.657377809134462,0.00894824623361856,0.0618787546305635,0.0529305083969449
"WST",10,"kappa_0.3","app_sparse_hetero",7,"WST_heteroSparse",2.96291897812002,"BALANCED",1910,19,63,0,0,0,8,4,FALSE,-0.280912973644035,-0.102072975599353,-0.261977687652082,0.240138234977391,-0.280654126200242,0.398097356635282,-0.0189352859919536,-0.000258847443793009,0.0186764385481606
"WST",10,"kappa_0.3","app_sparse_hetero",7,"WST_heteroSparse",2.96291897812002,"BALANCED",1911,20,63,0,0,0,1,4,FALSE,-0.203221042209988,0.165923769385184,-0.19370558921508,0.390351583443212,-0.217560391258823,0.475370754519142,-0.00951545299490864,0.0143393490488348,0.0238548020437435
"WST",10,"kappa_0.3","app_sparse_hetero",7,"WST_heteroSparse",2.96291897812002,"BALANCED",1912,21,63,0,0,0,1,4,FALSE,-0.204561369979984,0.199263612918159,-0.189008808373386,0.154162487964891,-0.215196209039288,0.558155172523899,-0.0155525616065981,0.0106348390593034,0.0261874006659015
"WST",10,"kappa_0.3","app_sparse_hetero",7,"WST_heteroSparse",2.96291897812002,"BALANCED",1913,22,63,0,0,0,7,4,FALSE,-0.196144294651979,-0.269293391979774,-0.175410546187265,0.153986198671193,-0.217002572028096,0.590139274971012,-0.0207337484647132,0.0208582773761172,0.0415920258408304
"WST",10,"kappa_0.3","app_sparse_hetero",7,"WST_heteroSparse",2.96291897812002,"BALANCED",1914,23,63,0,1,1,5,4,FALSE,-2.27383691316413,0.0609844741331685,-1.91969166323097,0.150994349354541,-1.76537062690704,0.927733058372616,-0.354145249933161,-0.50846628625709,-0.154321036323929
"WST",10,"kappa_0.3","app_sparse_hetero",7,"WST_heteroSparse",2.96291897812002,"BALANCED",1915,24,63,0,0,0,1,4,FALSE,-0.243921201053886,0.233831985328353,-0.216864195616126,-0.00663449466922034,-0.248981417144855,0.527247527766663,-0.0270570054377597,0.0050602160909694,0.0321172215287291
"WST",10,"kappa_0.3","app_sparse_hetero",7,"WST_heteroSparse",2.96291897812002,"BALANCED",1916,25,63,0,0,0,10,4,FALSE,-0.200131159083585,0.10565378757056,-0.216777754768184,0.200063428869724,-0.172218028245846,0.581478602334841,0.0166465956845991,-0.0279131308377396,-0.0445597265223387
"WST",10,"kappa_0.3","app_sparse_hetero",7,"WST_heteroSparse",2.96291897812002,"BALANCED",1917,26,63,1,0,1,2,4,FALSE,-2.26479539434566,0.257676965540936,-2.52695537080612,0.61111417188736,-2.66134365115597,0.051807824364151,0.262159976460464,0.396548256810318,0.134388280349854
"WST",10,"kappa_0.3","app_sparse_hetero",7,"WST_heteroSparse",2.96291897812002,"BALANCED",1918,27,63,0,0,0,2,4,FALSE,-0.216733313879004,0.0652954557915959,-0.163555076499304,0.0955502316807129,-0.136182883009626,0.600278971991625,-0.0531782373796998,-0.0805504308693781,-0.0273721934896782
"WST",10,"kappa_0.3","app_sparse_hetero",7,"WST_heteroSparse",2.96291897812002,"BALANCED",1919,28,63,0,0,0,6,4,FALSE,-0.219666626946459,0.0185341881535516,-0.186193010480449,-0.0469374409486866,-0.233110320588509,0.383760543810019,-0.0334736164660105,0.0134436936420492,0.0469173101080598
"WST",10,"kappa_0.3","app_sparse_hetero",7,"WST_heteroSparse",2.96291897812002,"BALANCED",1920,29,63,0,0,0,7,4,FALSE,-0.214567772644838,0.183715386967064,-0.204443979168723,0.195764563145097,-0.2282960045891,0.333916784039098,-0.0101237934761143,0.0137282319442624,0.0238520254203767
"WST",10,"kappa_0.3","app_sparse_hetero",7,"WST_heteroSparse",2.96291897812002,"BALANCED",1921,30,63,0,0,0,8,4,FALSE,-0.165526702183313,0.188661989030441,-0.177817876207913,0.0164629811341609,-0.222716067233725,0.542531515190517,0.0122911740245994,0.0571893650504114,0.0448981910258119
"WST",10,"kappa_0.3","app_sparse_hetero",7,"WST_heteroSparse",2.96291897812002,"BALANCED",1922,31,63,0,2,2,7,4,FALSE,-5.10137553224556,1.00139080665412,-4.2237193753819,0.587316392813572,-3.98402437424646,0.728025427375904,-0.877656156863655,-1.11735115799909,-0.239695001135439
"WST",10,"kappa_0.3","app_sparse_hetero",7,"WST_heteroSparse",2.96291897812002,"BALANCED",1923,32,63,0,0,0,4,4,TRUE,-0.312351642952417,-0.140996180799168,-0.370122046680003,0.103026717173897,-0.385307768838167,0.697572915953855,0.0577704037275861,0.0729561258857494,0.0151857221581633
"WST",10,"kappa_0.3","app_sparse_hetero",7,"WST_heteroSparse",2.96291897812002,"BALANCED",1924,33,63,0,0,0,4,4,TRUE,-0.312365707346172,0.201881662970451,-0.376687382711043,0.112176162984463,-0.406910813949056,0.788635290623546,0.0643216753648712,0.094545106602884,0.0302234312380127
"WST",10,"kappa_0.3","app_sparse_hetero",7,"WST_heteroSparse",2.96291897812002,"BALANCED",1925,34,63,0,1,1,6,4,FALSE,-2.00982600456106,0.129963696963329,-2.11139642963663,0.229517764749611,-1.88398671649356,0.235317055065409,0.101570425075569,-0.125839288067501,-0.227409713143071
"WST",10,"kappa_0.3","app_sparse_hetero",7,"WST_heteroSparse",2.96291897812002,"BALANCED",1926,35,63,0,0,0,3,4,FALSE,-0.297105460727868,-0.00968040219667558,-0.234053860952368,-0.0113314403247564,-0.216329348286068,0.536716873404736,-0.0630515997755001,-0.0807761124418,-0.0177245126662999
"WST",10,"kappa_0.3","app_sparse_hetero",7,"WST_heteroSparse",2.96291897812002,"BALANCED",1927,36,63,0,0,0,5,4,FALSE,-0.183672784798274,0.133058780059221,-0.219152228266712,0.180106264383778,-0.235809607473099,0.455323247025679,0.0354794434684385,0.0521368226748251,0.0166573792063867
"WST",10,"kappa_0.3","app_sparse_hetero",7,"WST_heteroSparse",2.96291897812002,"BALANCED",1928,37,63,0,0,0,7,4,FALSE,-0.226650765496454,0.102873711493008,-0.188170802366418,0.262705541719963,-0.235118402711788,0.266110953527793,-0.0384799631300359,0.00846763721533428,0.0469476003453702
"WST",10,"kappa_0.3","app_sparse_hetero",7,"WST_heteroSparse",2.96291897812002,"BALANCED",1929,38,63,0,0,0,9,4,FALSE,-0.156043989641393,0.267581256506599,-0.170524570298538,-0.000107129254086402,-0.214274828949403,0.571356888039788,0.0144805806571444,0.0582308393080098,0.0437502586508653
"WST",10,"kappa_0.3","app_sparse_hetero",7,"WST_heteroSparse",2.96291897812002,"BALANCED",1930,39,63,0,0,0,8,4,FALSE,-0.170930288062572,0.149833355056452,-0.179113114870444,-0.0482290473439352,-0.167631689448875,0.55540653573671,0.00818282680787163,-0.0032985986136973,-0.0114814254215689
"WST",10,"kappa_0.3","app_sparse_hetero",7,"WST_heteroSparse",2.96291897812002,"BALANCED",1931,40,63,0,0,0,10,4,FALSE,-0.390267358373411,-0.0972047467441205,-0.377802226770717,0.129497510370884,-0.31659065988234,0.724851203114122,-0.0124651316026938,-0.0736766984910711,-0.0612115668883773
"WST",10,"kappa_0.3","app_sparse_hetero",7,"WST_heteroSparse",2.96291897812002,"BALANCED",1932,41,63,0,0,0,6,4,FALSE,-0.242155477789786,0.10170010882899,-0.208286288457423,0.246759793764606,-0.254807552248315,0.390817675587804,-0.0338691893323624,0.0126520744585292,0.0465212637908916
"WST",10,"kappa_0.3","app_sparse_hetero",7,"WST_heteroSparse",2.96291897812002,"BALANCED",1933,42,63,1,0,1,1,4,FALSE,-2.310093430696,0.169986159460737,-2.09190057280446,0.117364448338457,-1.99403445691403,0.830401101749443,-0.218192857891539,-0.316058973781968,-0.0978661158904286
"WST",10,"kappa_0.3","app_sparse_hetero",7,"WST_heteroSparse",2.96291897812002,"BALANCED",1934,43,63,0,0,0,4,4,TRUE,-0.282769624810935,0.0608916405758433,-0.342630141570178,0.314276678637004,-0.358195282547639,0.684735078604772,0.0598605167592439,0.0754256577367043,0.0155651409774604
"WST",10,"kappa_0.3","app_sparse_hetero",7,"WST_heteroSparse",2.96291897812002,"BALANCED",1935,44,63,0,1,1,9,4,FALSE,-2.10915535061304,0.326257334495177,-1.96052484389394,0.68197245080291,-1.70965728072707,0.216402373008672,-0.148630506719104,-0.399498069885968,-0.250867563166864
"WST",10,"kappa_0.3","app_sparse_hetero",7,"WST_heteroSparse",2.96291897812002,"BALANCED",1936,45,63,0,0,0,2,4,FALSE,-0.297337618513523,0.370353136614573,-0.243036663481979,0.105692873346226,-0.240562169854747,0.13679337452263,-0.0543009550315441,-0.0567754486587759,-0.00247449362723184
"WST",10,"kappa_0.3","app_sparse_hetero",7,"WST_heteroSparse",2.96291897812002,"BALANCED",1937,46,63,0,0,0,6,4,FALSE,-0.168909058853721,-0.229591448955406,-0.199164834726672,0.0609376002210278,-0.227486284291723,0.90256876029187,0.0302557758729511,0.0585772254380021,0.028321449565051
"WST",10,"kappa_0.3","app_sparse_hetero",7,"WST_heteroSparse",2.96291897812002,"BALANCED",1938,47,63,0,0,0,10,4,FALSE,-0.220860362116445,0.242184978586655,-0.21541994971006,0.131311459699335,-0.179793670212628,0.695843228396872,-0.0054404124063856,-0.0410666919038176,-0.035626279497432
"WST",10,"kappa_0.3","app_sparse_hetero",7,"WST_heteroSparse",2.96291897812002,"BALANCED",1939,48,63,0,0,0,4,4,TRUE,-0.330362429135064,0.123398344224368,-0.400715857039307,0.195120245826762,-0.424093520782834,0.741975044849067,0.0703534279042435,0.0937310916477703,0.0233776637435268
"WST",10,"kappa_0.3","app_sparse_hetero",7,"WST_heteroSparse",2.96291897812002,"BALANCED",1940,49,63,0,0,0,10,4,FALSE,-0.285562465885197,0.113364834688358,-0.295969391417233,0.072254247819082,-0.239090228401632,0.682309560956682,0.0104069255320365,-0.0464722374835649,-0.0568791630156014
"WST",10,"kappa_0.3","app_sparse_hetero",7,"WST_heteroSparse",2.96291897812002,"BALANCED",1941,50,63,0,1,1,8,4,FALSE,-1.70951202549789,0.402961076706561,-1.62183960845674,0.0645373240860015,-1.7627721393222,0.0390209405625258,-0.087672417041154,0.0532601138243018,0.140932530865456
"WST",10,"kappa_0.3","app_sparse_hetero",7,"WST_heteroSparse",2.96291897812002,"BALANCED",1942,51,63,0,0,0,7,4,FALSE,-0.30013866254249,0.112803075460066,-0.315693347555117,0.36039739817302,-0.312366117890731,0.409288556601153,0.0155546850126269,0.0122274553482411,-0.00332722966438581
"WST",10,"kappa_0.3","app_sparse_hetero",7,"WST_heteroSparse",2.96291897812002,"BALANCED",1943,52,63,0,1,1,10,4,FALSE,-1.77076367642247,0.205182221241924,-1.76640887195564,0.286882430477746,-1.90779296705258,0.15786989332607,-0.00435480446683467,0.137029290630111,0.141384095096946
"WST",10,"kappa_0.3","app_sparse_hetero",7,"WST_heteroSparse",2.96291897812002,"BALANCED",1944,53,63,0,0,0,3,4,FALSE,-0.17124220486934,0.208318075772681,-0.12594602670346,0.023149074317664,-0.114066650250847,0.385743349145629,-0.0452961781658807,-0.0571755546184933,-0.0118793764526126
"WST",10,"kappa_0.3","app_sparse_hetero",7,"WST_heteroSparse",2.96291897812002,"BALANCED",1945,54,63,0,0,0,5,4,FALSE,-0.288005804992427,0.0860229801900015,-0.340531110818797,0.334677815962908,-0.365414298297674,0.585737754390622,0.0525253058263706,0.0774084933052475,0.0248831874788769
"WST",10,"kappa_0.3","app_sparse_hetero",7,"WST_heteroSparse",2.96291897812002,"BALANCED",1946,55,63,0,0,0,8,4,FALSE,-0.38113162739421,0.269067848487137,-0.422780201829146,-0.247766161377723,-0.353704913230016,0.419351710472042,0.0416485744349355,-0.0274267141641946,-0.0690752885991301
"WST",10,"kappa_0.3","app_sparse_hetero",7,"WST_heteroSparse",2.96291897812002,"BALANCED",1947,56,63,0,0,0,3,4,FALSE,-0.369089489895409,-0.0134422839636376,-0.301729069997493,0.000460926634552154,-0.278825930291841,0.716167977315474,-0.0673604198979163,-0.0902635596035681,-0.0229031397056518
"WST",10,"kappa_0.3","app_sparse_hetero",7,"WST_heteroSparse",2.96291897812002,"BALANCED",1948,57,63,1,0,1,2,4,FALSE,-2.43876315605878,0.508891789929918,-2.70652798673336,0.971535643916937,-2.76691257768553,0.152264788108684,0.267764830674586,0.328149421626749,0.0603845909521636
"WST",10,"kappa_0.3","app_sparse_hetero",7,"WST_heteroSparse",2.96291897812002,"BALANCED",1949,58,63,0,0,0,8,4,FALSE,-0.273762483228795,0.0025489753144404,-0.272217121807703,-0.144981389788446,-0.231357950066231,0.46368050899951,-0.0015453614210923,-0.0424045331625642,-0.0408591717414719
"WST",10,"kappa_0.3","app_sparse_hetero",7,"WST_heteroSparse",2.96291897812002,"BALANCED",1950,59,63,0,2,2,10,4,FALSE,-3.90277637396248,0.669918568161063,-3.91627614813806,0.337006958631678,-3.77746608334005,0.247323412590663,0.0134997741755791,-0.125310290622433,-0.138810064798012
"WST",10,"kappa_0.3","app_sparse_hetero",7,"WST_heteroSparse",2.96291897812002,"BALANCED",1951,60,63,0,0,0,5,4,FALSE,-0.188286230930687,0.174854641410882,-0.164102261940791,0.274290962471349,-0.20948272765086,0.642962983736856,-0.0241839689898962,0.0211964967201732,0.0453804657100694
"WST",10,"kappa_0.3","app_sparse_hetero",7,"WST_heteroSparse",2.96291897812002,"BALANCED",1952,61,63,0,1,1,1,4,FALSE,-3.75716240622973,0.638254498625089,-4.16386971100957,0.679772924193798,-2.94843150918146,0.922939697688105,0.40670730477984,-0.808730897048274,-1.21543820182811
"WST",10,"kappa_0.3","app_sparse_hetero",7,"WST_heteroSparse",2.96291897812002,"BALANCED",1953,62,63,0,0,0,6,4,FALSE,-0.176889977680148,0.232464923389235,-0.17535611517493,-0.00126597490190254,-0.183572179593933,0.313095464046705,-0.0015338625052177,0.00668220191378577,0.00821606441900347
"WST",10,"kappa_0.3","app_sparse_hetero",7,"WST_heteroSparse",2.96291897812002,"BALANCED",1954,1,64,1,0,1,2,9,FALSE,-2.09620148968821,-0.000326550435200572,-1.99132545649223,0.22658496433938,-2.00312803648543,-0.0339515125339606,-0.104876033195986,-0.0930734532027806,0.0118025799932058
"WST",10,"kappa_0.3","app_sparse_hetero",7,"WST_heteroSparse",2.96291897812002,"BALANCED",1955,2,64,0,0,0,9,9,TRUE,-0.434053364441242,0.180627012985456,-0.505548330208087,0.158272509533524,-0.347634321271067,0.374539162259561,0.0714949657668447,-0.0864190431701752,-0.15791400893702
"WST",10,"kappa_0.3","app_sparse_hetero",7,"WST_heteroSparse",2.96291897812002,"BALANCED",1956,3,64,0,0,0,1,9,FALSE,-0.196869405104031,0.263906950486036,-0.204546845733822,0.15506239820085,-0.200814174035526,0.0786040339029656,0.00767744062979148,0.00394476893149509,-0.00373267169829639
"WST",10,"kappa_0.3","app_sparse_hetero",7,"WST_heteroSparse",2.96291897812002,"BALANCED",1957,4,64,1,0,1,8,9,FALSE,-2.44513751491296,-0.0264824882225832,-2.28630405687044,0.57934487590584,-2.32056032134147,0.0827420142900934,-0.158833458042523,-0.124577193571492,0.0342562644710309
"WST",10,"kappa_0.3","app_sparse_hetero",7,"WST_heteroSparse",2.96291897812002,"BALANCED",1958,5,64,0,0,0,7,9,FALSE,-0.174056376502315,0.190473400153662,-0.188942420435835,0.413314650232704,-0.171390118922931,0.604413662017808,0.0148860439335197,-0.0026662575793841,-0.0175523015129038
"WST",10,"kappa_0.3","app_sparse_hetero",7,"WST_heteroSparse",2.96291897812002,"BALANCED",1959,6,64,0,0,0,4,9,FALSE,-0.236773057515224,-0.018442952268008,-0.177632576565615,0.382185186135624,-0.224246867527574,0.395493008466225,-0.0591404809496092,-0.0125261899876499,0.0466142909619593
"WST",10,"kappa_0.3","app_sparse_hetero",7,"WST_heteroSparse",2.96291897812002,"BALANCED",1960,7,64,0,0,0,6,9,FALSE,-0.165877250187389,0.364689103109479,-0.15216945644837,0.166175541749576,-0.148619846838265,0.703370870641026,-0.0137077937390195,-0.0172574033491237,-0.0035496096101042
"WST",10,"kappa_0.3","app_sparse_hetero",7,"WST_heteroSparse",2.96291897812002,"BALANCED",1961,8,64,0,0,0,9,9,TRUE,-0.260879556751351,0.319386155821132,-0.311834325335764,0.576647626298059,-0.221883827796008,0.466667255464208,0.0509547685844129,-0.0389957289553431,-0.089950497539756
"WST",10,"kappa_0.3","app_sparse_hetero",7,"WST_heteroSparse",2.96291897812002,"BALANCED",1962,9,64,0,0,0,3,9,FALSE,-0.266553001518028,-0.170443600235467,-0.224038008574936,0.24835323416974,-0.242179610221188,0.530161429760391,-0.0425149929430919,-0.02437339129684,0.0181416016462519
"WST",10,"kappa_0.3","app_sparse_hetero",7,"WST_heteroSparse",2.96291897812002,"BALANCED",1963,10,64,0,0,0,3,9,FALSE,-0.268372508665088,0.196760329349879,-0.224760190243934,0.0550843410079709,-0.252547787823934,0.455192023447087,-0.0436123184211539,-0.0158247208411542,0.0277875975799997
"WST",10,"kappa_0.3","app_sparse_hetero",7,"WST_heteroSparse",2.96291897812002,"BALANCED",1964,11,64,0,0,0,9,9,TRUE,-0.364749337108043,0.357946513530638,-0.416096575854688,0.191374179529391,-0.290695430620261,0.388137171361438,0.0513472387466454,-0.0740539064877819,-0.125401145234427
"WST",10,"kappa_0.3","app_sparse_hetero",7,"WST_heteroSparse",2.96291897812002,"BALANCED",1965,12,64,1,0,1,6,9,FALSE,-2.39385178581828,0.338180877794823,-2.34600034249009,0.439417866576931,-2.3718573330173,0.237660914064574,-0.0478514433281916,-0.021994452800989,0.0258569905272026
"WST",10,"kappa_0.3","app_sparse_hetero",7,"WST_heteroSparse",2.96291897812002,"BALANCED",1966,13,64,0,0,0,7,9,FALSE,-0.146621479768829,0.181039033499816,-0.152669032991779,0.27105511733904,-0.146167824979772,0.622110432096495,0.00604755322294981,-0.000453654789057012,-0.00650120801200682
"WST",10,"kappa_0.3","app_sparse_hetero",7,"WST_heteroSparse",2.96291897812002,"BALANCED",1967,14,64,0,0,0,1,9,FALSE,-0.23333177424138,0.497868953983714,-0.233308148597501,0.304925605123962,-0.224009638201913,0.384926260706706,-2.36256438785887e-05,-0.00932213603946686,-0.00929851039558827
"WST",10,"kappa_0.3","app_sparse_hetero",7,"WST_heteroSparse",2.96291897812002,"BALANCED",1968,15,64,0,0,0,5,9,FALSE,-0.15695400762349,-0.143954692506761,-0.121601468399394,0.198443363103241,-0.152554215359988,0.513755008138032,-0.0353525392240961,-0.00439979226350218,0.0309527469605939
"WST",10,"kappa_0.3","app_sparse_hetero",7,"WST_heteroSparse",2.96291897812002,"BALANCED",1969,16,64,0,0,0,10,9,FALSE,-0.126422020649775,0.24707757138286,-0.139627826931279,0.140240966361381,-0.269998529969731,0.490275229849619,0.0132058062815039,0.143576509319956,0.130370703038452
"WST",10,"kappa_0.3","app_sparse_hetero",7,"WST_heteroSparse",2.96291897812002,"BALANCED",1970,17,64,0,0,0,5,9,FALSE,-0.186114878693691,0.0754245570523542,-0.142526713091276,0.289322982214912,-0.179423156192151,0.44751043354976,-0.0435881656024151,-0.00669172250154038,0.0368964431008747
"WST",10,"kappa_0.3","app_sparse_hetero",7,"WST_heteroSparse",2.96291897812002,"BALANCED",1971,18,64,0,1,1,9,9,TRUE,-3.79144217033547,0.645924580654533,-3.53081834460587,-0.108262075667544,-2.5024470038716,-0.0963798583386913,-0.260623825729597,-1.28899516646387,-1.02837134073428
"WST",10,"kappa_0.3","app_sparse_hetero",7,"WST_heteroSparse",2.96291897812002,"BALANCED",1972,19,64,0,0,0,8,9,FALSE,-0.1761868087443,0.251400238610386,-0.169438796924977,0.323763132158751,-0.166387022164137,0.815648957377655,-0.00674801181932327,-0.00979978658016378,-0.00305177476084051
"WST",10,"kappa_0.3","app_sparse_hetero",7,"WST_heteroSparse",2.96291897812002,"BALANCED",1973,20,64,0,0,0,1,9,FALSE,-0.231732431127854,0.0691283963284183,-0.252101271518145,0.0263040428026311,-0.242271331682445,0.227462058751397,0.0203688403902911,0.0105389005545904,-0.00982993983570069
"WST",10,"kappa_0.3","app_sparse_hetero",7,"WST_heteroSparse",2.96291897812002,"BALANCED",1974,21,64,0,0,0,1,9,FALSE,-0.237658886105758,0.275934402381821,-0.243205407796903,0.102374601451282,-0.244745761507597,0.39566076901634,0.00554652169114433,0.00708687540183917,0.00154035371069483
"WST",10,"kappa_0.3","app_sparse_hetero",7,"WST_heteroSparse",2.96291897812002,"BALANCED",1975,22,64,0,0,0,7,9,FALSE,-0.132942036376542,0.200121340397263,-0.140850530124668,0.248380336715354,-0.137073959567085,0.773490267607424,0.00790849374812641,0.00413192319054367,-0.00377657055758274
"WST",10,"kappa_0.3","app_sparse_hetero",7,"WST_heteroSparse",2.96291897812002,"BALANCED",1976,23,64,0,0,0,5,9,FALSE,-0.156022012742655,0.150147655307308,-0.123686237766187,0.372597360872496,-0.153040718053731,0.39597410045828,-0.0323357749764677,-0.00298129468892405,0.0293544802875436
"WST",10,"kappa_0.3","app_sparse_hetero",7,"WST_heteroSparse",2.96291897812002,"BALANCED",1977,24,64,0,0,0,1,9,FALSE,-0.264093638428121,0.160742075295761,-0.286089422191703,0.00167519608628897,-0.27522028731414,0.271527744531984,0.0219957837635816,0.0111266488860196,-0.010869134877562
"WST",10,"kappa_0.3","app_sparse_hetero",7,"WST_heteroSparse",2.96291897812002,"BALANCED",1978,25,64,0,0,0,10,9,FALSE,-0.0844367787122691,0.235305231485865,-0.0947597812066343,0.0739048725245195,-0.123942445196186,0.777591222428006,0.0103230024943652,0.0395056664839171,0.0291826639895518
"WST",10,"kappa_0.3","app_sparse_hetero",7,"WST_heteroSparse",2.96291897812002,"BALANCED",1979,26,64,0,0,0,2,9,FALSE,-0.279570280237751,-0.0386624690251048,-0.258159668272362,0.133468288481297,-0.271240137954288,0.368894164251632,-0.021410611965389,-0.00833014228346318,0.0130804696819258
"WST",10,"kappa_0.3","app_sparse_hetero",7,"WST_heteroSparse",2.96291897812002,"BALANCED",1980,27,64,0,0,0,2,9,FALSE,-0.193382484064008,0.0124746883336387,-0.174018858268974,0.413617224824446,-0.184703152363729,0.530623005119697,-0.0193636257950338,-0.00867933170027957,0.0106842940947542
"WST",10,"kappa_0.3","app_sparse_hetero",7,"WST_heteroSparse",2.96291897812002,"BALANCED",1981,28,64,0,0,0,6,9,FALSE,-0.144697094281383,0.348151074741483,-0.138099278008396,0.290276294208632,-0.133184827398559,0.641976096454619,-0.00659781627298717,-0.011512266882824,-0.00491445060983686
"WST",10,"kappa_0.3","app_sparse_hetero",7,"WST_heteroSparse",2.96291897812002,"BALANCED",1982,29,64,0,0,0,7,9,FALSE,-0.139025081628938,0.310333500966655,-0.145102431370587,0.0587752504766474,-0.136829094354325,0.806656183538577,0.00607734974164842,-0.00219598727461356,-0.00827333701626198
"WST",10,"kappa_0.3","app_sparse_hetero",7,"WST_heteroSparse",2.96291897812002,"BALANCED",1983,30,64,0,0,0,8,9,FALSE,-0.315181535477321,0.318522370420935,-0.380296473310041,0.177731167438652,-0.257903294454518,0.301803647378307,0.0651149378327203,-0.0572782410228028,-0.122393178855523
"WST",10,"kappa_0.3","app_sparse_hetero",7,"WST_heteroSparse",2.96291897812002,"BALANCED",1984,31,64,0,0,0,7,9,FALSE,-0.186076033110097,0.0611818982513715,-0.161090448318714,0.326828746431147,-0.166328102362802,0.505106953660054,-0.0249855847913825,-0.019747930747295,0.00523765404408749
"WST",10,"kappa_0.3","app_sparse_hetero",7,"WST_heteroSparse",2.96291897812002,"BALANCED",1985,32,64,0,0,0,4,9,FALSE,-0.189103162930961,0.229426067454772,-0.142978084170605,0.393398837158186,-0.17627020243778,0.358204220605265,-0.0461250787603564,-0.0128329604931814,0.033292118267175
"WST",10,"kappa_0.3","app_sparse_hetero",7,"WST_heteroSparse",2.96291897812002,"BALANCED",1986,33,64,0,0,0,4,9,FALSE,-0.187359116897477,0.279740717986507,-0.141314100203587,0.403541352977043,-0.17790122817138,0.448847347098434,-0.0460450166938902,-0.00945788872609743,0.0365871279677927
"WST",10,"kappa_0.3","app_sparse_hetero",7,"WST_heteroSparse",2.96291897812002,"BALANCED",1987,34,64,0,0,0,6,9,FALSE,-0.144567267877854,0.311590777935145,-0.142392288434487,0.0477412064028958,-0.134938297437596,0.657199242967388,-0.00217497944336742,-0.00962897044025812,-0.0074539909968907
"WST",10,"kappa_0.3","app_sparse_hetero",7,"WST_heteroSparse",2.96291897812002,"BALANCED",1988,35,64,0,0,0,3,9,FALSE,-0.319164897100152,-0.318821130222708,-0.257625573111212,0.158922273420281,-0.284837455144132,0.425825185824846,-0.0615393239889404,-0.0343274419560204,0.0272118820329199
"WST",10,"kappa_0.3","app_sparse_hetero",7,"WST_heteroSparse",2.96291897812002,"BALANCED",1989,36,64,0,0,0,5,9,FALSE,-0.107460314345174,0.0141966165044608,-0.0839371453500943,0.565783941122857,-0.108060496643425,0.524994038285572,-0.0235231689950801,0.000600182298250651,0.0241233512933308
"WST",10,"kappa_0.3","app_sparse_hetero",7,"WST_heteroSparse",2.96291897812002,"BALANCED",1990,37,64,1,0,1,7,9,FALSE,-2.30833092108781,0.324436077447758,-2.29295057277898,0.517594449751702,-2.3087408688962,0.103834243159524,-0.0153803483088257,0.000409947808388544,0.0157902961172143
"WST",10,"kappa_0.3","app_sparse_hetero",7,"WST_heteroSparse",2.96291897812002,"BALANCED",1991,38,64,0,0,0,9,9,TRUE,-0.296005161768439,0.399105765915369,-0.37163715386071,0.209800112284687,-0.248520085012859,0.399798816822368,0.075631992092271,-0.0474850767555797,-0.123117068847851
"WST",10,"kappa_0.3","app_sparse_hetero",7,"WST_heteroSparse",2.96291897812002,"BALANCED",1992,39,64,1,0,1,8,9,FALSE,-4.20045924983646,0.84991956706663,-3.8442079317891,0.0405807991888579,-2.79147857275346,-0.181014898915205,-0.356251318047366,-1.408980677083,-1.05272935903563
"WST",10,"kappa_0.3","app_sparse_hetero",7,"WST_heteroSparse",2.96291897812002,"BALANCED",1993,40,64,0,0,0,10,9,FALSE,-0.150695585139845,0.25231166414397,-0.22504782672182,0.025188206532285,-0.364728752116954,0.455865682757761,0.0743522415819751,0.214033166977109,0.139680925395134
"WST",10,"kappa_0.3","app_sparse_hetero",7,"WST_heteroSparse",2.96291897812002,"BALANCED",1994,41,64,0,0,0,6,9,FALSE,-0.158003754125345,0.135123476694576,-0.156486315294434,0.133182184096608,-0.145852663154785,0.631686259206381,-0.00151743883091093,-0.0121510909705602,-0.0106336521396493
"WST",10,"kappa_0.3","app_sparse_hetero",7,"WST_heteroSparse",2.96291897812002,"BALANCED",1995,42,64,0,0,0,1,9,FALSE,-0.253152069875323,0.446808491315432,-0.273261730783019,-0.196271522726547,-0.26528280007749,0.0201529372635669,0.0201096609076954,0.0121307302021672,-0.00797893070552824
"WST",10,"kappa_0.3","app_sparse_hetero",7,"WST_heteroSparse",2.96291897812002,"BALANCED",1996,43,64,1,0,1,4,9,FALSE,-2.46182432748166,0.379504776397695,-2.54277028390251,0.19391701302977,-2.17286682581218,0.0326259805256795,0.0809459564208543,-0.288957501669474,-0.369903458090328
"WST",10,"kappa_0.3","app_sparse_hetero",7,"WST_heteroSparse",2.96291897812002,"BALANCED",1997,44,64,1,0,1,9,9,TRUE,-2.75091549072496,1.03316060432879,-2.24932796314906,1.22267555475484,-2.3003506275164,0.558964829130836,-0.501587527575902,-0.450564863208554,0.0510226643673475
"WST",10,"kappa_0.3","app_sparse_hetero",7,"WST_heteroSparse",2.96291897812002,"BALANCED",1998,45,64,0,0,0,2,9,FALSE,-0.23886435920722,0.231921248690468,-0.214590005194204,0.242169128808583,-0.233558035950054,0.432408580110793,-0.0242743540130155,-0.00530632325716596,0.0189680307558495
"WST",10,"kappa_0.3","app_sparse_hetero",7,"WST_heteroSparse",2.96291897812002,"BALANCED",1999,46,64,0,0,0,6,9,FALSE,-0.0982537813355773,0.130775255328187,-0.0801448797173654,0.249596046665388,-0.100768185119836,0.594495720552859,-0.0181089016182119,0.00251440378425904,0.0206233054024709
"WST",10,"kappa_0.3","app_sparse_hetero",7,"WST_heteroSparse",2.96291897812002,"BALANCED",2000,47,64,0,0,0,10,9,FALSE,-0.0889831270413719,0.196251676129572,-0.130781246973334,-0.162130551012283,-0.20355787981691,0.637978884251076,0.0417981199319621,0.114574752775538,0.0727766328435759
"WST",10,"kappa_0.3","app_sparse_hetero",7,"WST_heteroSparse",2.96291897812002,"BALANCED",2001,48,64,0,0,0,4,9,FALSE,-0.202153257694782,0.0473210119567313,-0.157611045121225,0.326401832697983,-0.193423223857488,0.410434323760609,-0.0445422125735568,-0.00873003383729376,0.0358121787362631
"WST",10,"kappa_0.3","app_sparse_hetero",7,"WST_heteroSparse",2.96291897812002,"BALANCED",2002,49,64,0,0,0,10,9,FALSE,-0.107811649502624,0.144490929856769,-0.116347118124508,0.184782016718312,-0.158504109591623,0.644821312415691,0.0085354686218837,0.0506924600889986,0.0421569914671149
"WST",10,"kappa_0.3","app_sparse_hetero",7,"WST_heteroSparse",2.96291897812002,"BALANCED",2003,50,64,0,0,0,8,9,FALSE,-0.152978437401367,0.250021867372189,-0.162524987799776,0.0815946780625928,-0.157470040887921,0.740178007119346,0.0095465503984089,0.00449160348655475,-0.00505494691185415
"WST",10,"kappa_0.3","app_sparse_hetero",7,"WST_heteroSparse",2.96291897812002,"BALANCED",2004,51,64,0,0,0,7,9,FALSE,-0.248585853415968,0.360201828492201,-0.395075626693624,0.0807505959294057,-0.247335241736037,0.719910780630948,0.146489773277657,-0.00125061167993046,-0.147740384957587
"WST",10,"kappa_0.3","app_sparse_hetero",7,"WST_heteroSparse",2.96291897812002,"BALANCED",2005,52,64,0,0,0,10,9,FALSE,-0.112651615374546,0.257834158161683,-0.165871917645243,-0.0303958346654087,-0.254703399978592,0.303363783914927,0.053220302270697,0.142051784604046,0.0888314823333491
"WST",10,"kappa_0.3","app_sparse_hetero",7,"WST_heteroSparse",2.96291897812002,"BALANCED",2006,53,64,0,0,0,3,9,FALSE,-0.167484025053487,0.0910280115466678,-0.138267417297099,0.263025088139705,-0.154062079721091,0.430422235477732,-0.0292166077563882,-0.0134219453323965,0.0157946624239917
"WST",10,"kappa_0.3","app_sparse_hetero",7,"WST_heteroSparse",2.96291897812002,"BALANCED",2007,54,64,0,0,0,5,9,FALSE,-0.158328732384458,0.325318599653328,-0.129762682036959,-0.0303535689164437,-0.16506809058258,0.469951233485628,-0.0285660503474992,0.00673935819812232,0.0353054085456215
"WST",10,"kappa_0.3","app_sparse_hetero",7,"WST_heteroSparse",2.96291897812002,"BALANCED",2008,55,64,0,0,0,8,9,FALSE,-0.21349841016457,0.29327523166018,-0.221335853544155,0.123067239551135,-0.239751816829409,0.595843766674606,0.00783744337958492,0.0262534066648383,0.0184159632852534
"WST",10,"kappa_0.3","app_sparse_hetero",7,"WST_heteroSparse",2.96291897812002,"BALANCED",2009,56,64,0,0,0,3,9,FALSE,-0.402560308546192,0.137267270843837,-0.33158518046478,0.377769614046867,-0.365765772652022,0.509577492744711,-0.070975128081411,-0.0367945358941695,0.0341805921872416
"WST",10,"kappa_0.3","app_sparse_hetero",7,"WST_heteroSparse",2.96291897812002,"BALANCED",2010,57,64,1,0,1,2,9,FALSE,-1.88982687236779,0.300776588820568,-1.87476352096152,0.114593230101469,-1.82377543526206,0.0963063332096238,-0.0150633514062761,-0.0660514371057275,-0.0509880856994513
"WST",10,"kappa_0.3","app_sparse_hetero",7,"WST_heteroSparse",2.96291897812002,"BALANCED",2011,58,64,0,0,0,8,9,FALSE,-0.110570364621602,0.311087221674279,-0.123973864079858,0.199600408853217,-0.146143677839945,0.554918043216165,0.0134034994582555,0.0355733132183422,0.0221698137600868
"WST",10,"kappa_0.3","app_sparse_hetero",7,"WST_heteroSparse",2.96291897812002,"BALANCED",2012,59,64,0,0,0,10,9,FALSE,-0.25815785056599,0.30017814007585,-0.404261486483259,0.172397773498345,-0.361983492803955,0.531817066054324,0.146103635917269,0.103825642237966,-0.0422779936793036
"WST",10,"kappa_0.3","app_sparse_hetero",7,"WST_heteroSparse",2.96291897812002,"BALANCED",2013,60,64,0,0,0,5,9,FALSE,-0.1267201634456,0.127559860986823,-0.117016965746778,0.149796247026302,-0.114462785348869,0.47146771917456,-0.00970319769882177,-0.0122573780967308,-0.002554180397909
"WST",10,"kappa_0.3","app_sparse_hetero",7,"WST_heteroSparse",2.96291897812002,"BALANCED",2014,61,64,0,0,0,1,9,FALSE,-0.25942063360849,0.091328594791462,-0.25378552232181,0.328622443234538,-0.25265575125103,0.550143029049638,-0.00563511128668015,-0.00676488235745953,-0.00112977107077938
"WST",10,"kappa_0.3","app_sparse_hetero",7,"WST_heteroSparse",2.96291897812002,"BALANCED",2015,62,64,1,0,1,6,9,FALSE,-2.55554701958132,0.0590950944292354,-2.47308255611655,0.440455112558803,-2.57882020250068,-0.068634881465168,-0.0824644634647704,0.0232731829193575,0.105737646384128
"WST",10,"kappa_0.3","app_sparse_hetero",7,"WST_heteroSparse",2.96291897812002,"BALANCED",2016,63,64,0,0,0,4,9,FALSE,-0.162431446428799,0.115595567279837,-0.150262652475234,0.143315208682707,-0.170307998205711,0.910884266255593,-0.0121687939535651,0.0078765517769126,0.0200453457304777
"WST",10,"kappa_0.3","app_sparse_hetero",7,"WST_heteroSparse",2.96291897812002,"BALANCED",2017,1,65,0,0,0,2,3,FALSE,-0.276433578520628,0.46094459135104,-0.284802486086286,0.443509041173252,-0.263860778941352,0.217564956174911,0.00836890756565811,-0.0125727995792762,-0.0209417071449343
"WST",10,"kappa_0.3","app_sparse_hetero",7,"WST_heteroSparse",2.96291897812002,"BALANCED",2018,2,65,0,0,0,9,3,FALSE,-0.318362002942212,0.194289173665748,-0.388012513943079,0.198147647684363,-0.52250404140071,0.290302516120485,0.0696505110008667,0.204142038458498,0.134491527457631
"WST",10,"kappa_0.3","app_sparse_hetero",7,"WST_heteroSparse",2.96291897812002,"BALANCED",2019,3,65,2,0,2,1,3,FALSE,-4.13426908336577,0.698243768932609,-3.88854743482668,0.378507587800765,-4.54191623529112,0.444418827515638,-0.245721648539083,0.407647151925357,0.653368800464441
"WST",10,"kappa_0.3","app_sparse_hetero",7,"WST_heteroSparse",2.96291897812002,"BALANCED",2020,4,65,0,2,2,8,3,FALSE,-3.07340765943725,0.259288144696777,-2.89040739746595,0.53025356317571,-3.1340294555454,0.258460531813381,-0.183000261971303,0.0606217961081423,0.243622058079445
"WST",10,"kappa_0.3","app_sparse_hetero",7,"WST_heteroSparse",2.96291897812002,"BALANCED",2021,5,65,0,1,1,7,3,FALSE,-1.38775176167626,-0.213627956782501,-1.33628206428135,0.1862703622844,-1.33958183069471,0.223018846022389,-0.0514696973949027,-0.0481699309815422,0.00329976641336049
"WST",10,"kappa_0.3","app_sparse_hetero",7,"WST_heteroSparse",2.96291897812002,"BALANCED",2022,6,65,0,2,2,4,3,FALSE,-2.06277875166815,0.4830328375179,-2.15122396435838,0.52796886919915,-2.15832257266917,0.664360315944644,0.0884452126902264,0.0955438210010158,0.00709860831078934
"WST",10,"kappa_0.3","app_sparse_hetero",7,"WST_heteroSparse",2.96291897812002,"BALANCED",2023,7,65,0,0,0,6,3,FALSE,-0.359719027890176,0.0906428903931526,-0.344726347061433,0.0457323224991486,-0.451539985921885,0.00192780053328535,-0.0149926808287422,0.0918209580317093,0.106813638860451
"WST",10,"kappa_0.3","app_sparse_hetero",7,"WST_heteroSparse",2.96291897812002,"BALANCED",2024,8,65,0,0,0,9,3,FALSE,-0.209913086699793,0.318519397723366,-0.250731494356526,0.428492345085414,-0.326820223243021,0.12697694286081,0.0408184076567331,0.116907136543228,0.0760887288864946
"WST",10,"kappa_0.3","app_sparse_hetero",7,"WST_heteroSparse",2.96291897812002,"BALANCED",2025,9,65,0,0,0,3,3,TRUE,-0.264533196176291,0.268959707747529,-0.270192188513456,0.238924373324294,-0.281185661135525,0.212778057639121,0.00565899233716483,0.0166524649592334,0.0109934726220686
"WST",10,"kappa_0.3","app_sparse_hetero",7,"WST_heteroSparse",2.96291897812002,"BALANCED",2026,10,65,0,0,0,3,3,TRUE,-0.267643870616352,0.172223570205651,-0.27236109545541,0.0743051921115657,-0.293933215962392,0.0765205680801847,0.0047172248390579,0.02628934534604,0.0215721205069821
"WST",10,"kappa_0.3","app_sparse_hetero",7,"WST_heteroSparse",2.96291897812002,"BALANCED",2027,11,65,0,0,0,9,3,FALSE,-0.268086553419725,0.150337439502877,-0.332655271549618,0.307029275606473,-0.437270316192474,0.137800099941492,0.0645687181298928,0.169183762772748,0.104615044642856
"WST",10,"kappa_0.3","app_sparse_hetero",7,"WST_heteroSparse",2.96291897812002,"BALANCED",2028,12,65,1,1,2,6,3,FALSE,-5.43674743322218,0.468725568791492,-5.54412757393681,0.388841910952729,-5.34945451611302,0.165676455071347,0.107380140714631,-0.0872929171091599,-0.194673057823791
"WST",10,"kappa_0.3","app_sparse_hetero",7,"WST_heteroSparse",2.96291897812002,"BALANCED",2029,13,65,0,0,0,7,3,FALSE,-0.462482784035781,0.170843327128972,-0.503659299281862,0.319408667991711,-0.405746260036269,0.231304006344351,0.0411765152460815,-0.0567365239995121,-0.0979130392455936
"WST",10,"kappa_0.3","app_sparse_hetero",7,"WST_heteroSparse",2.96291897812002,"BALANCED",2030,14,65,2,0,2,1,3,FALSE,-3.70227584832749,0.554648332797187,-3.57926450491185,0.373263901191824,-3.6419203463918,0.335156634199165,-0.123011343415631,-0.060355501935689,0.0626558414799421
"WST",10,"kappa_0.3","app_sparse_hetero",7,"WST_heteroSparse",2.96291897812002,"BALANCED",2031,15,65,0,1,1,5,3,FALSE,-1.22516603907427,0.387069808324307,-1.24939836541566,0.533748274463407,-1.25485282430118,0.536137898263466,0.0242323263413944,0.0296867852269127,0.00545445888551832
"WST",10,"kappa_0.3","app_sparse_hetero",7,"WST_heteroSparse",2.96291897812002,"BALANCED",2032,16,65,0,1,1,10,3,FALSE,-1.20299989986172,0.373915181441687,-1.19093736441278,0.298310055934407,-1.34725238326864,0.13326822623518,-0.0120625354489317,0.144252483406921,0.156315018855853
"WST",10,"kappa_0.3","app_sparse_hetero",7,"WST_heteroSparse",2.96291897812002,"BALANCED",2033,17,65,0,0,0,5,3,FALSE,-0.732383346340283,0.083836229324366,-0.724155014089115,0.0222555567833265,-0.69623825525484,0.0204222474453273,-0.00822833225116781,-0.0361450910854426,-0.0279167588342748
"WST",10,"kappa_0.3","app_sparse_hetero",7,"WST_heteroSparse",2.96291897812002,"BALANCED",2034,18,65,0,0,0,9,3,FALSE,-0.22351507322862,-0.0249426182095101,-0.273914907833,-0.00783804905262238,-0.374975813621955,0.0918943048192802,0.0503998346043799,0.151460740393334,0.101060905788954
"WST",10,"kappa_0.3","app_sparse_hetero",7,"WST_heteroSparse",2.96291897812002,"BALANCED",2035,19,65,0,1,1,8,3,FALSE,-1.36994592868415,0.330735917648434,-1.39794739898608,0.273194791945374,-1.33453362785961,0.11335307771469,0.0280014703019225,-0.0354123008245448,-0.0634137711264673
"WST",10,"kappa_0.3","app_sparse_hetero",7,"WST_heteroSparse",2.96291897812002,"BALANCED",2036,20,65,0,0,0,1,3,FALSE,-0.430139256191271,0.470191142599828,-0.457181328688828,0.468197360167001,-0.395289188708063,0.369693771813424,0.0270420724975562,-0.0348500674832088,-0.061892139980765
"WST",10,"kappa_0.3","app_sparse_hetero",7,"WST_heteroSparse",2.96291897812002,"BALANCED",2037,21,65,1,0,1,1,3,FALSE,-1.71760169581356,0.454112408034638,-1.63674044348585,0.391109313251032,-1.57428417820829,0.32301353679676,-0.0808612523277112,-0.143317517605276,-0.0624562652775644
"WST",10,"kappa_0.3","app_sparse_hetero",7,"WST_heteroSparse",2.96291897812002,"BALANCED",2038,22,65,0,1,1,7,3,FALSE,-1.76159090647393,0.64736096211801,-1.72429619069964,0.316970323429234,-1.5445589203475,0.765256669547999,-0.0372947157742889,-0.217031986126427,-0.179737270352138
"WST",10,"kappa_0.3","app_sparse_hetero",7,"WST_heteroSparse",2.96291897812002,"BALANCED",2039,23,65,0,0,0,5,3,FALSE,-0.643089424483205,-0.110385960455551,-0.611742302065091,0.223992422112588,-0.597381405144487,-0.0547193296528507,-0.0313471224181141,-0.0457080193387176,-0.0143608969206035
"WST",10,"kappa_0.3","app_sparse_hetero",7,"WST_heteroSparse",2.96291897812002,"BALANCED",2040,24,65,2,0,2,1,3,FALSE,-3.25076723793422,0.152922104285028,-3.18886814121111,0.27421436548409,-3.25053069333579,0.195663784370666,-0.0618990967231028,-0.000236544598428701,0.0616625521246741
"WST",10,"kappa_0.3","app_sparse_hetero",7,"WST_heteroSparse",2.96291897812002,"BALANCED",2041,25,65,0,3,3,10,3,FALSE,-5.828138677784,0.240724697571393,-5.82741782244258,0.509208055456154,-6.53555721681891,0.571097984545218,-0.000720855341422855,0.707418539034913,0.708139394376336
"WST",10,"kappa_0.3","app_sparse_hetero",7,"WST_heteroSparse",2.96291897812002,"BALANCED",2042,26,65,0,0,0,2,3,FALSE,-0.336544532303058,0.292773232000526,-0.320465376288049,0.348914568334514,-0.317044032222541,-0.00912112182553269,-0.0160791560150084,-0.0195005000805164,-0.00342134406550798
"WST",10,"kappa_0.3","app_sparse_hetero",7,"WST_heteroSparse",2.96291897812002,"BALANCED",2043,27,65,0,0,0,2,3,FALSE,-0.230167845800038,0.406284214124049,-0.214920191806503,0.00771263467311387,-0.214217339378802,0.245074873431279,-0.0152476539935344,-0.0159505064212357,-0.000702852427701295
"WST",10,"kappa_0.3","app_sparse_hetero",7,"WST_heteroSparse",2.96291897812002,"BALANCED",2044,28,65,0,0,0,6,3,FALSE,-0.324945330609414,0.119701869971592,-0.325510360630846,0.0811408655130339,-0.408584084347569,0.169039379913663,0.000565030021432378,0.0836387537381551,0.0830737237167227
"WST",10,"kappa_0.3","app_sparse_hetero",7,"WST_heteroSparse",2.96291897812002,"BALANCED",2045,29,65,0,0,0,7,3,FALSE,-0.392853827214736,0.148906112857579,-0.376870632473534,0.171014974178406,-0.398889428628015,0.032495551411306,-0.0159831947412021,0.00603560141327897,0.0220187961544811
"WST",10,"kappa_0.3","app_sparse_hetero",7,"WST_heteroSparse",2.96291897812002,"BALANCED",2046,30,65,0,0,0,8,3,FALSE,-0.246350597815121,0.168179675734025,-0.299470107820047,0.180475381693707,-0.386355354036649,0.122442429082739,0.053119510004926,0.140004756221528,0.0868852462166023
"WST",10,"kappa_0.3","app_sparse_hetero",7,"WST_heteroSparse",2.96291897812002,"BALANCED",2047,31,65,0,0,0,7,3,FALSE,-0.41367678079718,0.536506925907967,-0.521268716796454,0.0177924305673888,-0.545035661878515,0.00616181648670151,0.107591935999274,0.131358881081335,0.0237669450820608
"WST",10,"kappa_0.3","app_sparse_hetero",7,"WST_heteroSparse",2.96291897812002,"BALANCED",2048,32,65,0,0,0,4,3,FALSE,-0.753026589786954,0.0691781120827918,-0.724197482933534,0.256026512142106,-0.682843174843138,0.0761158936401998,-0.0288291068534194,-0.0701834149438154,-0.041354308090396
"WST",10,"kappa_0.3","app_sparse_hetero",7,"WST_heteroSparse",2.96291897812002,"BALANCED",2049,33,65,0,0,0,4,3,FALSE,-0.759101445073637,0.0881798757542043,-0.733433232775996,0.0598983565579941,-0.702719005823961,0.015902000034162,-0.0256682122976404,-0.0563824392496759,-0.0307142269520355
"WST",10,"kappa_0.3","app_sparse_hetero",7,"WST_heteroSparse",2.96291897812002,"BALANCED",2050,34,65,0,0,0,6,3,FALSE,-0.380682102350825,0.0677047587090036,-0.328048283056222,0.118839709070808,-0.413136933617712,0.127541681484123,-0.052633819294603,0.0324548312668869,0.0850886505614898
"WST",10,"kappa_0.3","app_sparse_hetero",7,"WST_heteroSparse",2.96291897812002,"BALANCED",2051,35,65,0,0,0,3,3,TRUE,-0.319633413373949,0.234184998612603,-0.326812322141262,0.200788939658525,-0.33298229976071,0.40473462088131,0.00717890876731353,0.013348886386761,0.00616997761944749
"WST",10,"kappa_0.3","app_sparse_hetero",7,"WST_heteroSparse",2.96291897812002,"BALANCED",2052,36,65,0,1,1,5,3,FALSE,-1.4492866383138,0.486923384045303,-1.47314169740521,0.369642043444311,-1.45026992630476,0.432124657617222,0.0238550590914031,0.000983287990955262,-0.0228717711004478
"WST",10,"kappa_0.3","app_sparse_hetero",7,"WST_heteroSparse",2.96291897812002,"BALANCED",2053,37,65,0,0,0,7,3,FALSE,-0.334929389570277,0.327695917897083,-0.328076323196528,0.141231085478641,-0.413003835113751,0.026788596220752,-0.00685306637374872,0.0780744455434741,0.0849275119172228
"WST",10,"kappa_0.3","app_sparse_hetero",7,"WST_heteroSparse",2.96291897812002,"BALANCED",2054,38,65,0,0,0,9,3,FALSE,-0.225351174641559,0.0919638963985583,-0.286280012383195,0.206053842317411,-0.371308577170181,0.134952281721759,0.0609288377416366,0.145957402528622,0.0850285647869855
"WST",10,"kappa_0.3","app_sparse_hetero",7,"WST_heteroSparse",2.96291897812002,"BALANCED",2055,39,65,0,0,0,8,3,FALSE,-0.354017058459113,0.0366645605736635,-0.346686103676506,0.361792555879058,-0.294591053243611,0.423755954393235,-0.00733095478260726,-0.059426005215502,-0.0520950504328948
"WST",10,"kappa_0.3","app_sparse_hetero",7,"WST_heteroSparse",2.96291897812002,"BALANCED",2056,40,65,0,1,1,10,3,FALSE,-1.13376196475571,0.270257240039499,-1.20053612852942,0.498064610827715,-1.25410127300199,0.0823044751400315,0.0667741637737018,0.120339308246273,0.0535651444725715
"WST",10,"kappa_0.3","app_sparse_hetero",7,"WST_heteroSparse",2.96291897812002,"BALANCED",2057,41,65,0,1,1,6,3,FALSE,-1.60516903377934,0.598772646709998,-1.60336527443341,0.508627691940898,-1.3961598101517,0.175083761056403,-0.00180375934593346,-0.209009223627636,-0.207205464281703
"WST",10,"kappa_0.3","app_sparse_hetero",7,"WST_heteroSparse",2.96291897812002,"BALANCED",2058,42,65,0,0,0,1,3,FALSE,-0.467434021081038,0.419101790615409,-0.501335338578333,0.599181036078667,-0.429770784527689,0.526761962423708,0.0339013174972944,-0.0376632365533487,-0.0715645540506431
"WST",10,"kappa_0.3","app_sparse_hetero",7,"WST_heteroSparse",2.96291897812002,"BALANCED",2059,43,65,0,1,1,4,3,FALSE,-1.19105685353775,0.17389208612519,-1.22876926256456,0.392730662625024,-1.22332086332436,0.64920856070486,0.0377124090268133,0.0322640097866076,-0.00544839924020568
"WST",10,"kappa_0.3","app_sparse_hetero",7,"WST_heteroSparse",2.96291897812002,"BALANCED",2060,44,65,0,0,0,9,3,FALSE,-0.350793536642728,0.251284136289345,-0.384100074374968,0.097144869601555,-0.499235228151823,0.142695123664879,0.0333065377322397,0.148441691509095,0.115135153776856
"WST",10,"kappa_0.3","app_sparse_hetero",7,"WST_heteroSparse",2.96291897812002,"BALANCED",2061,45,65,0,0,0,2,3,FALSE,-0.425433083449703,0.224654915940231,-0.438832732033415,0.250269292774731,-0.411429437656959,0.0271485176031062,0.0133996485837118,-0.0140036457927444,-0.0274032943764562
"WST",10,"kappa_0.3","app_sparse_hetero",7,"WST_heteroSparse",2.96291897812002,"BALANCED",2062,46,65,0,0,0,6,3,FALSE,-0.388632818589438,0.20439270944606,-0.384278509082946,0.21247405434304,-0.392080375997348,0.685871843288135,-0.00435430950649263,0.00344755740790958,0.00780186691440221
"WST",10,"kappa_0.3","app_sparse_hetero",7,"WST_heteroSparse",2.96291897812002,"BALANCED",2063,47,65,0,0,0,10,3,FALSE,-0.445085977295261,0.201009985112127,-0.396452523827835,0.262094346365848,-0.311256669893603,0.420282437233102,-0.048633453467426,-0.133829307401658,-0.0851958539342323
"WST",10,"kappa_0.3","app_sparse_hetero",7,"WST_heteroSparse",2.96291897812002,"BALANCED",2064,48,65,0,0,0,4,3,FALSE,-0.806428577064531,0.137043584713034,-0.765319757950811,-0.0498413950634552,-0.743258185925451,0.176570135626608,-0.0411088191137194,-0.0631703911390797,-0.0220615720253603
"WST",10,"kappa_0.3","app_sparse_hetero",7,"WST_heteroSparse",2.96291897812002,"BALANCED",2065,49,65,0,0,0,10,3,FALSE,-0.566129709902569,0.26711978746404,-0.571704521664595,0.411446611292063,-0.417676089079005,0.0890151799168453,0.00557481176202579,-0.148453620823564,-0.15402843258559
"WST",10,"kappa_0.3","app_sparse_hetero",7,"WST_heteroSparse",2.96291897812002,"BALANCED",2066,50,65,0,0,0,8,3,FALSE,-0.6138747442996,-0.0352014064958202,-0.640900097927185,0.19598061295276,-0.478935657037296,0.220139545368646,0.0270253536275851,-0.134939087262304,-0.161964440889889
"WST",10,"kappa_0.3","app_sparse_hetero",7,"WST_heteroSparse",2.96291897812002,"BALANCED",2067,51,65,0,1,1,7,3,FALSE,-1.28573056724477,0.286623895514704,-1.30188445249231,0.614528733233807,-1.26194522065635,-0.107751400746811,0.0161538852475402,-0.0237853465884168,-0.039939231835957
"WST",10,"kappa_0.3","app_sparse_hetero",7,"WST_heteroSparse",2.96291897812002,"BALANCED",2068,52,65,0,1,1,10,3,FALSE,-1.27479649167311,0.177278411255547,-1.35975857949178,0.400446829531049,-1.46045867081926,0.0730839338707393,0.0849620878186697,0.185662179146149,0.10070009132748
"WST",10,"kappa_0.3","app_sparse_hetero",7,"WST_heteroSparse",2.96291897812002,"BALANCED",2069,53,65,0,0,0,3,3,TRUE,-0.176020307931744,0.552343304900517,-0.175303488818411,0.133943640266441,-0.180097752245127,0.332487376485409,-0.000716819113333322,0.00407744431338308,0.0047942634267164
"WST",10,"kappa_0.3","app_sparse_hetero",7,"WST_heteroSparse",2.96291897812002,"BALANCED",2070,54,65,0,1,1,5,3,FALSE,-1.24267547734885,0.378400319336833,-1.23905693642834,0.409380466324123,-1.21714892244698,0.268994154452057,-0.00361854092051139,-0.025526554901866,-0.0219080139813546
"WST",10,"kappa_0.3","app_sparse_hetero",7,"WST_heteroSparse",2.96291897812002,"BALANCED",2071,55,65,0,0,0,8,3,FALSE,-0.79762916728568,0.439255756546067,-0.831904053101514,0.187959555434945,-0.628245926892754,0.132391821005008,0.0342748858158339,-0.169383240392926,-0.20365812620876
"WST",10,"kappa_0.3","app_sparse_hetero",7,"WST_heteroSparse",2.96291897812002,"BALANCED",2072,56,65,0,0,0,3,3,TRUE,-0.388884505890429,0.196646098471848,-0.398647800228327,0.143779054638657,-0.422266325567203,-0.00796742388903242,0.00976329433789758,0.0333818196767739,0.0236185253388763
"WST",10,"kappa_0.3","app_sparse_hetero",7,"WST_heteroSparse",2.96291897812002,"BALANCED",2073,57,65,0,0,0,2,3,FALSE,-0.293352990988634,0.162701392147178,-0.287247397562225,0.19106936105384,-0.280629154642869,-0.214666782210135,-0.00610559342640915,-0.0127238363457645,-0.00661824291935531
"WST",10,"kappa_0.3","app_sparse_hetero",7,"WST_heteroSparse",2.96291897812002,"BALANCED",2074,58,65,0,0,0,8,3,FALSE,-0.547749986805377,-0.0215508202557474,-0.51595411464879,0.247369757383744,-0.404775600518171,0.294074239325912,-0.0317958721565867,-0.142974386287205,-0.111178514130619
"WST",10,"kappa_0.3","app_sparse_hetero",7,"WST_heteroSparse",2.96291897812002,"BALANCED",2075,59,65,0,0,0,10,3,FALSE,-0.755636765414982,0.436063706049544,-0.571913338138359,0.195360225135926,-0.540499756403734,0.28863765866913,-0.183723427276623,-0.215137009011248,-0.0314135817346255
"WST",10,"kappa_0.3","app_sparse_hetero",7,"WST_heteroSparse",2.96291897812002,"BALANCED",2076,60,65,0,0,0,5,3,FALSE,-0.359900369265727,0.412743910370799,-0.284488112606616,0.100213779539393,-0.362456504288622,0.243832354580227,-0.0754122566591109,0.00255613502289531,0.0779683916820062
"WST",10,"kappa_0.3","app_sparse_hetero",7,"WST_heteroSparse",2.96291897812002,"BALANCED",2077,61,65,0,0,0,1,3,FALSE,-0.314885277545637,0.53290060966575,-0.284449535242737,0.497713473212275,-0.310499921560039,0.46086784137515,-0.0304357423028998,-0.00438535598559753,0.0260503863173023
"WST",10,"kappa_0.3","app_sparse_hetero",7,"WST_heteroSparse",2.96291897812002,"BALANCED",2078,62,65,0,0,0,6,3,FALSE,-0.309708160208047,0.0444905991767165,-0.317239257913156,0.218192017066077,-0.322818244533767,0.308000229258111,0.00753109770510907,0.0131100843257199,0.00557898662061085
"WST",10,"kappa_0.3","app_sparse_hetero",7,"WST_heteroSparse",2.96291897812002,"BALANCED",2079,63,65,0,0,0,4,3,FALSE,-0.302642883174051,0.0259829827922588,-0.240988392379585,0.175348392837372,-0.221670864789357,0.57117712031104,-0.0616544907944663,-0.0809720183846938,-0.0193175275902275
"WST",10,"kappa_0.3","app_sparse_hetero",7,"WST_heteroSparse",2.96291897812002,"BALANCED",2080,64,65,0,0,0,9,3,FALSE,-0.320742962000446,-0.0854887899908355,-0.257998097171402,0.329914082922648,-0.294060486298815,0.580214358606196,-0.0627448648290443,-0.026682475701632,0.0360623891274123
"WST",10,"kappa_0.3","app_sparse_hetero",7,"WST_heteroSparse",2.96291897812002,"BALANCED",2081,1,66,0,0,0,2,5,FALSE,-0.239239303737533,0.299540304279861,-0.204653114783632,-0.168706058177564,-0.269202077521556,0.0723855734133248,-0.0345861889539014,0.0299627737840229,0.0645489627379243
"WST",10,"kappa_0.3","app_sparse_hetero",7,"WST_heteroSparse",2.96291897812002,"BALANCED",2082,2,66,0,0,0,9,5,FALSE,-0.149955418250711,0.106980816115598,-0.178011562264979,0.0441982380272244,-0.258810816888539,0.252230528909617,0.0280561440142684,0.108855398637828,0.0807992546235594
"WST",10,"kappa_0.3","app_sparse_hetero",7,"WST_heteroSparse",2.96291897812002,"BALANCED",2083,3,66,0,0,0,1,5,FALSE,-0.151161269860842,0.164312164421297,-0.105427730941015,0.332760772625088,-0.180631115581168,-0.180116787508119,-0.0457335389198272,0.0294698457203255,0.0752033846401527
"WST",10,"kappa_0.3","app_sparse_hetero",7,"WST_heteroSparse",2.96291897812002,"BALANCED",2084,4,66,0,0,0,8,5,FALSE,-0.270828911189756,0.464607367033035,-0.275663607444437,0.226560015843466,-0.282471198836477,0.113503576770731,0.00483469625468036,0.0116422876467208,0.00680759139204046
"WST",10,"kappa_0.3","app_sparse_hetero",7,"WST_heteroSparse",2.96291897812002,"BALANCED",2085,5,66,0,0,0,7,5,FALSE,-0.300052764718027,0.0871542831157168,-0.308790087436916,0.0525596724511696,-0.328779411858078,0.0681827767858908,0.00873732271888983,0.0287266471400516,0.0199893244211617
"WST",10,"kappa_0.3","app_sparse_hetero",7,"WST_heteroSparse",2.96291897812002,"BALANCED",2086,6,66,0,0,0,4,5,FALSE,-0.199092217561066,0.207485466221502,-0.185605790633725,0.151575267815498,-0.188592717312535,0.0735152789739558,-0.0134864269273409,-0.0104995002485309,0.00298692667881006
"WST",10,"kappa_0.3","app_sparse_hetero",7,"WST_heteroSparse",2.96291897812002,"BALANCED",2087,7,66,0,0,0,6,5,FALSE,-0.324662600005668,0.217367908037052,-0.329238988482194,0.335170261388785,-0.311852146654354,0.114196970124721,0.00457638847652575,-0.0128104533513147,-0.0173868418278404
"WST",10,"kappa_0.3","app_sparse_hetero",7,"WST_heteroSparse",2.96291897812002,"BALANCED",2088,8,66,0,0,0,9,5,FALSE,-0.094251563723966,0.133729958627973,-0.110362268652831,0.188548894702351,-0.166117309717995,0.496963064382279,0.0161107049288649,0.0718657459940291,0.0557550410651642
"WST",10,"kappa_0.3","app_sparse_hetero",7,"WST_heteroSparse",2.96291897812002,"BALANCED",2089,9,66,1,0,1,3,5,FALSE,-1.33780776154278,0.211021598657186,-1.36451101801864,0.285878270107927,-1.35692008755463,0.359941386821244,0.0267032564758631,0.0191123260118529,-0.00759093046401027
"WST",10,"kappa_0.3","app_sparse_hetero",7,"WST_heteroSparse",2.96291897812002,"BALANCED",2090,10,66,0,0,0,3,5,FALSE,-0.53211623853283,0.0397728703339768,-0.514142264579123,0.172200983372227,-0.497072679179742,0.28920187287499,-0.0179739739537075,-0.0350435593530882,-0.0170695853993807
"WST",10,"kappa_0.3","app_sparse_hetero",7,"WST_heteroSparse",2.96291897812002,"BALANCED",2091,11,66,0,0,0,9,5,FALSE,-0.12496916989179,0.0603877568486131,-0.147235659030541,0.120233210097501,-0.216682889431191,0.12167632118668,0.022266489138751,0.0917137195394009,0.0694472304006499
"WST",10,"kappa_0.3","app_sparse_hetero",7,"WST_heteroSparse",2.96291897812002,"BALANCED",2092,12,66,0,0,0,6,5,FALSE,-0.227224403705232,0.161145867338798,-0.240936461805251,0.0941687565525608,-0.243817871087411,0.265257064850195,0.013712058100019,0.0165934673821795,0.00288140928216052
"WST",10,"kappa_0.3","app_sparse_hetero",7,"WST_heteroSparse",2.96291897812002,"BALANCED",2093,13,66,0,0,0,7,5,FALSE,-0.255866568137627,0.231734737769866,-0.269956548284735,0.193066927239855,-0.270818767845018,0.055391246979573,0.0140899801471077,0.0149521997073911,0.000862219560283428
"WST",10,"kappa_0.3","app_sparse_hetero",7,"WST_heteroSparse",2.96291897812002,"BALANCED",2094,14,66,0,0,0,1,5,FALSE,-0.133293264316898,0.248694251051879,-0.107886474530782,0.173637577323917,-0.112857771784406,0.157834155113909,-0.0254067897861159,-0.0204354925324921,0.00497129725362377
"WST",10,"kappa_0.3","app_sparse_hetero",7,"WST_heteroSparse",2.96291897812002,"BALANCED",2095,15,66,0,0,0,5,5,TRUE,-0.137022558491653,0.2444954601544,-0.133085931324485,0.40312182721119,-0.137896098272011,0.317758270448185,-0.00393662716716747,0.000873539780357646,0.00481016694752512
"WST",10,"kappa_0.3","app_sparse_hetero",7,"WST_heteroSparse",2.96291897812002,"BALANCED",2096,16,66,0,0,0,10,5,FALSE,-0.368418804488155,0.14397358425711,-0.360199170826808,0.031074989347093,-0.243806031230231,0.0793635836435176,-0.00821963366134781,-0.124612773257924,-0.116393139596576
"WST",10,"kappa_0.3","app_sparse_hetero",7,"WST_heteroSparse",2.96291897812002,"BALANCED",2097,17,66,0,0,0,5,5,TRUE,-0.165316476595573,0.174371298488005,-0.155803592129137,0.295883000000487,-0.152617797381399,0.16030344946018,-0.00951288446643606,-0.0126986792141732,-0.00318579474773717
"WST",10,"kappa_0.3","app_sparse_hetero",7,"WST_heteroSparse",2.96291897812002,"BALANCED",2098,18,66,0,0,0,9,5,FALSE,-0.103634573179901,0.113304125441669,-0.124180618647561,0.263715621001289,-0.186237915059349,-0.0339148128058843,0.0205460454676594,0.0826033418794481,0.0620572964117887
"WST",10,"kappa_0.3","app_sparse_hetero",7,"WST_heteroSparse",2.96291897812002,"BALANCED",2099,19,66,0,1,1,8,5,FALSE,-1.83974151467089,0.277603391781859,-1.60289124334736,0.384211811454901,-1.59539184007313,0.133152746438614,-0.23685027132353,-0.244349674597756,-0.00749940327422571
"WST",10,"kappa_0.3","app_sparse_hetero",7,"WST_heteroSparse",2.96291897812002,"BALANCED",2100,20,66,0,0,0,1,5,FALSE,-0.159375918606321,0.167993822643183,-0.11639306037496,-0.028796310944159,-0.125668787450593,0.302857362072076,-0.0429828582313609,-0.0337071311557278,0.00927572707563318
"WST",10,"kappa_0.3","app_sparse_hetero",7,"WST_heteroSparse",2.96291897812002,"BALANCED",2101,21,66,0,0,0,1,5,FALSE,-0.195028466301991,0.232649481303471,-0.15284693576447,0.0135524252315842,-0.14084651881215,0.431443104920917,-0.0421815305375217,-0.054181947489842,-0.0120004169523202
"WST",10,"kappa_0.3","app_sparse_hetero",7,"WST_heteroSparse",2.96291897812002,"BALANCED",2102,22,66,0,0,0,7,5,FALSE,-0.243943887647195,-0.0171424279006687,-0.273147400153711,0.0379444559262176,-0.255910188427158,0.203274907578372,0.0292035125065162,0.0119663007799637,-0.0172372117265525
"WST",10,"kappa_0.3","app_sparse_hetero",7,"WST_heteroSparse",2.96291897812002,"BALANCED",2103,23,66,1,0,1,5,5,TRUE,-3.03368451185316,0.160569717819769,-3.0893285375806,0.911477434447257,-3.05359617021259,0.100100094546454,0.0556440257274442,0.0199116583594297,-0.0357323673680146
"WST",10,"kappa_0.3","app_sparse_hetero",7,"WST_heteroSparse",2.96291897812002,"BALANCED",2104,24,66,0,0,0,1,5,FALSE,-0.181075884544134,0.296833231681519,-0.132065863119066,0.296328422206234,-0.142139985318817,0.288001418002294,-0.0490100214250679,-0.0389358992253168,0.0100741221997511
"WST",10,"kappa_0.3","app_sparse_hetero",7,"WST_heteroSparse",2.96291897812002,"BALANCED",2105,25,66,0,0,0,10,5,FALSE,-0.219754726649139,0.11766459530838,-0.209473277238943,-0.0190221479891486,-0.184382255922396,0.0581295319801902,-0.0102814494101962,-0.0353724707267427,-0.0250910213165465
"WST",10,"kappa_0.3","app_sparse_hetero",7,"WST_heteroSparse",2.96291897812002,"BALANCED",2106,26,66,1,0,1,2,5,FALSE,-1.3925110888213,0.180743396858602,-1.29353610321171,0.257041946277452,-1.29123232070792,0.0568129035799154,-0.0989749856095807,-0.101278768113379,-0.00230378250379815
"WST",10,"kappa_0.3","app_sparse_hetero",7,"WST_heteroSparse",2.96291897812002,"BALANCED",2107,27,66,1,0,1,2,5,FALSE,-1.64625336612783,0.285522764419499,-1.53798985162863,0.377613327637363,-1.55143399417139,0.510996698047809,-0.108263514499195,-0.0948193719564365,0.0134441425427587
"WST",10,"kappa_0.3","app_sparse_hetero",7,"WST_heteroSparse",2.96291897812002,"BALANCED",2108,28,66,0,0,0,6,5,FALSE,-0.298919995524166,0.216489743501519,-0.306404310359726,0.231381693838414,-0.280351204565489,0.236648160158829,0.00748431483556011,-0.0185687909586765,-0.0260531057942366
"WST",10,"kappa_0.3","app_sparse_hetero",7,"WST_heteroSparse",2.96291897812002,"BALANCED",2109,29,66,0,1,1,7,5,FALSE,-1.82458006292668,0.117282971744907,-1.72968181178995,0.181212767175966,-1.74967405098708,0.094114409542372,-0.0948982511367369,-0.0749060119396061,0.0199922391971308
"WST",10,"kappa_0.3","app_sparse_hetero",7,"WST_heteroSparse",2.96291897812002,"BALANCED",2110,30,66,0,0,0,8,5,FALSE,-0.109017919071961,0.415847392631191,-0.133837682897076,0.00115951848288143,-0.1927730152178,0.0440017821998797,0.0248197638251151,0.0837550961458389,0.0589353323207238
"WST",10,"kappa_0.3","app_sparse_hetero",7,"WST_heteroSparse",2.96291897812002,"BALANCED",2111,31,66,0,1,1,7,5,FALSE,-2.88901859105375,0.240386982179868,-2.35505290202742,0.324273622289895,-2.30400334392491,0.21608724192235,-0.533965689026338,-0.585015247128847,-0.0510495581025099
"WST",10,"kappa_0.3","app_sparse_hetero",7,"WST_heteroSparse",2.96291897812002,"BALANCED",2112,32,66,0,0,0,4,5,FALSE,-0.164246022935355,0.338241327928743,-0.160114484010334,0.217156920672205,-0.148282267886957,0.308878721735398,-0.00413153892502116,-0.0159637550483982,-0.011832216123377
"WST",10,"kappa_0.3","app_sparse_hetero",7,"WST_heteroSparse",2.96291897812002,"BALANCED",2113,33,66,0,0,0,4,5,FALSE,-0.16039864318351,0.241360422955924,-0.150473828273023,0.197811069512978,-0.150033245432399,0.133208707271999,-0.00992481491048647,-0.0103653977511105,-0.000440582840623982
"WST",10,"kappa_0.3","app_sparse_hetero",7,"WST_heteroSparse",2.96291897812002,"BALANCED",2114,34,66,0,0,0,6,5,FALSE,-0.254345608242613,0.408322829009831,-0.282854979343099,0.0992135501584662,-0.261747992432626,0.0885695156247538,0.0285093711004851,0.00740238419001216,-0.021106986910473
"WST",10,"kappa_0.3","app_sparse_hetero",7,"WST_heteroSparse",2.96291897812002,"BALANCED",2115,35,66,1,0,1,3,5,FALSE,-1.24778655467666,0.631600020512925,-1.2613498541733,0.293400167670658,-1.26773333495972,0.290973429138859,0.0135632994966475,0.0199467802830675,0.00638348078642004
"WST",10,"kappa_0.3","app_sparse_hetero",7,"WST_heteroSparse",2.96291897812002,"BALANCED",2116,36,66,0,0,0,5,5,TRUE,-0.104549525666897,0.0362581214395923,-0.0926534903123262,0.302984920035684,-0.0935309897098575,-0.0190421848611151,-0.011896035354571,-0.0110185359570396,0.000877499397531345
"WST",10,"kappa_0.3","app_sparse_hetero",7,"WST_heteroSparse",2.96291897812002,"BALANCED",2117,37,66,0,0,0,7,5,FALSE,-0.302515761192089,0.261246084801136,-0.310889931550534,0.114232274001973,-0.284180347388016,0.156487324046456,0.00837417035844545,-0.0183354138040723,-0.0267095841625178
"WST",10,"kappa_0.3","app_sparse_hetero",7,"WST_heteroSparse",2.96291897812002,"BALANCED",2118,38,66,0,0,0,9,5,FALSE,-0.103112253775842,0.198758744389948,-0.129536849449771,0.108634153185971,-0.185141073808341,-0.0515378144711723,0.0264245956739293,0.0820288200324999,0.0556042243585706
"WST",10,"kappa_0.3","app_sparse_hetero",7,"WST_heteroSparse",2.96291897812002,"BALANCED",2119,39,66,0,0,0,8,5,FALSE,-0.200667400163884,0.0963830892364044,-0.192910932904051,0.0679397313488607,-0.20138842254033,1.01999534383825,-0.00775646725983314,0.000721022376446001,0.00847748963627915
"WST",10,"kappa_0.3","app_sparse_hetero",7,"WST_heteroSparse",2.96291897812002,"BALANCED",2120,40,66,0,0,0,10,5,FALSE,-0.451451782845781,0.168944775979877,-0.436396122691835,0.0744624709421714,-0.271684872839804,0.231264098214718,-0.015055660153946,-0.179766910005976,-0.16471124985203
"WST",10,"kappa_0.3","app_sparse_hetero",7,"WST_heteroSparse",2.96291897812002,"BALANCED",2121,41,66,0,0,0,6,5,FALSE,-0.303561280707988,0.124086905096369,-0.324944162565373,0.179523221539342,-0.309156064113174,-0.0694251969882965,0.0213828818573853,0.00559478340518638,-0.015788098452199
"WST",10,"kappa_0.3","app_sparse_hetero",7,"WST_heteroSparse",2.96291897812002,"BALANCED",2122,42,66,0,0,0,1,5,FALSE,-0.174477822718497,0.160156378773518,-0.125992979858904,0.125183729293959,-0.138299117425368,0.281401676603962,-0.048484842859593,-0.0361787052931293,0.0123061375664637
"WST",10,"kappa_0.3","app_sparse_hetero",7,"WST_heteroSparse",2.96291897812002,"BALANCED",2123,43,66,0,0,0,4,5,FALSE,-0.144613797133738,0.175909227822055,-0.149203582690267,0.260762315921747,-0.136662561929795,-0.0226639207944744,0.00458978555652845,-0.00795123520394281,-0.0125410207604713
"WST",10,"kappa_0.3","app_sparse_hetero",7,"WST_heteroSparse",2.96291897812002,"BALANCED",2124,44,66,0,0,0,9,5,FALSE,-0.172049247588425,0.0683973774812605,-0.175110312053083,0.2664142383845,-0.246630839707112,0.170069167806504,0.00306106446465826,0.0745815921186876,0.0715205276540294
"WST",10,"kappa_0.3","app_sparse_hetero",7,"WST_heteroSparse",2.96291897812002,"BALANCED",2125,45,66,0,0,0,2,5,FALSE,-0.376450233063681,0.121659340479355,-0.41141970689412,0.140441465427411,-0.410412586842064,-0.0113305189125255,0.0349694738304382,0.0339623537783824,-0.00100712005205583
"WST",10,"kappa_0.3","app_sparse_hetero",7,"WST_heteroSparse",2.96291897812002,"BALANCED",2126,46,66,0,0,0,6,5,FALSE,-0.112509367201771,0.367237949100021,-0.0992565434277504,0.108204028051605,-0.106456070524578,-0.0853905480929063,-0.0132528237740202,-0.00605329667719268,0.00719952709682747
"WST",10,"kappa_0.3","app_sparse_hetero",7,"WST_heteroSparse",2.96291897812002,"BALANCED",2127,47,66,0,0,0,10,5,FALSE,-0.259144356182393,0.346022822388422,-0.24906037852661,0.13204609679637,-0.161311439353081,0.479036755652497,-0.0100839776557828,-0.0978329168293115,-0.0877489391735287
"WST",10,"kappa_0.3","app_sparse_hetero",7,"WST_heteroSparse",2.96291897812002,"BALANCED",2128,48,66,0,0,0,4,5,FALSE,-0.176643874955957,-0.140106630215714,-0.189325118379867,0.184208884368655,-0.177868713120653,0.279810275836276,0.0126812434239101,0.00122483816469643,-0.0114564052592137
"WST",10,"kappa_0.3","app_sparse_hetero",7,"WST_heteroSparse",2.96291897812002,"BALANCED",2129,49,66,0,1,1,10,5,FALSE,-1.62673451199022,0.148901206323169,-1.65357501166376,0.143217002393561,-1.76560572045352,0.254305735267815,0.026840499673547,0.138871208463301,0.112030708789754
"WST",10,"kappa_0.3","app_sparse_hetero",7,"WST_heteroSparse",2.96291897812002,"BALANCED",2130,50,66,0,1,1,8,5,FALSE,-1.78318096914096,0.425452398916226,-1.72119617099643,0.520059605168046,-1.68199687306659,0.699925988736819,-0.0619847981445281,-0.101184096074372,-0.0391992979298443
"WST",10,"kappa_0.3","app_sparse_hetero",7,"WST_heteroSparse",2.96291897812002,"BALANCED",2131,51,66,0,0,0,7,5,FALSE,-0.330432647812716,0.40479781266445,-0.296085157593455,0.104437016342866,-0.358238775193859,-0.0100972372124087,-0.0343474902192602,0.0278061273811439,0.062153617600404
"WST",10,"kappa_0.3","app_sparse_hetero",7,"WST_heteroSparse",2.96291897812002,"BALANCED",2132,52,66,0,0,0,10,5,FALSE,-0.321453901524718,0.236319152939287,-0.314418422208283,0.142465485582503,-0.19371466161591,0.245115014206233,-0.00703547931643467,-0.127739239908808,-0.120703760592374
"WST",10,"kappa_0.3","app_sparse_hetero",7,"WST_heteroSparse",2.96291897812002,"BALANCED",2133,53,66,0,0,0,3,5,FALSE,-0.315466399190092,0.0999584009794646,-0.308410355382711,0.199361912671445,-0.304936115003567,0.411129111779853,-0.00705604380738123,-0.0105302841865251,-0.0034742403791439
"WST",10,"kappa_0.3","app_sparse_hetero",7,"WST_heteroSparse",2.96291897812002,"BALANCED",2134,54,66,0,1,1,5,5,TRUE,-2.83807053886639,0.112395025317828,-2.95472228869097,0.554769647309945,-2.98155893444593,0.0932533229541087,0.11665174982458,0.14348839557954,0.02683664575496
"WST",10,"kappa_0.3","app_sparse_hetero",7,"WST_heteroSparse",2.96291897812002,"BALANCED",2135,55,66,0,1,1,8,5,FALSE,-1.53925781751991,0.0960917996408356,-1.50572746993875,0.34036356695718,-1.49732321183105,-0.112098845531468,-0.0335303475811681,-0.0419346056888665,-0.0084042581076984
"WST",10,"kappa_0.3","app_sparse_hetero",7,"WST_heteroSparse",2.96291897812002,"BALANCED",2136,56,66,1,0,1,3,5,FALSE,-1.15238743099671,0.014509478244565,-1.17312558343537,0.393079395888758,-1.16386349978298,0.20430336361348,0.0207381524386596,0.0114760687862674,-0.00926208365239223
"WST",10,"kappa_0.3","app_sparse_hetero",7,"WST_heteroSparse",2.96291897812002,"BALANCED",2137,57,66,0,0,0,2,5,FALSE,-0.462886304742487,-0.0269112020852842,-0.492253692241812,0.235947400598154,-0.468036996483927,-0.0937247039214575,0.0293673874993248,0.00515069174143967,-0.0242166957578851
"WST",10,"kappa_0.3","app_sparse_hetero",7,"WST_heteroSparse",2.96291897812002,"BALANCED",2138,58,66,0,1,1,8,5,FALSE,-1.62430282226871,0.241956629158847,-1.6683103997656,0.177979633036253,-1.75947647753653,0.0755794907018379,0.0440075774968962,0.135173655267827,0.0911660777709304
"WST",10,"kappa_0.3","app_sparse_hetero",7,"WST_heteroSparse",2.96291897812002,"BALANCED",2139,59,66,0,0,0,10,5,FALSE,-0.345638596265227,0.194635292994507,-0.251651369208104,0.0132183667222907,-0.270397207228227,0.119803607637488,-0.0939872270571227,-0.0752413890370001,0.0187458380201226
"WST",10,"kappa_0.3","app_sparse_hetero",7,"WST_heteroSparse",2.96291897812002,"BALANCED",2140,60,66,0,0,0,5,5,TRUE,-0.197911801604183,0.140952948923549,-0.228789315987963,0.155053837826144,-0.210123033999469,0.156278355126542,0.0308775143837794,0.0122112323952859,-0.0186662819884935
"WST",10,"kappa_0.3","app_sparse_hetero",7,"WST_heteroSparse",2.96291897812002,"BALANCED",2141,61,66,0,0,0,1,5,FALSE,-0.38774668348794,0.245276216402288,-0.4777466268179,0.251519407836133,-0.47650472280485,0.153651830244415,0.0899999433299605,0.0887580393169101,-0.00124190401305047
"WST",10,"kappa_0.3","app_sparse_hetero",7,"WST_heteroSparse",2.96291897812002,"BALANCED",2142,62,66,0,1,1,6,5,FALSE,-2.02270556413356,0.286121636262716,-1.97187647081241,0.0690154929372877,-1.93566834334656,0.188309490666555,-0.0508290933211537,-0.0870372207870043,-0.0362081274658506
"WST",10,"kappa_0.3","app_sparse_hetero",7,"WST_heteroSparse",2.96291897812002,"BALANCED",2143,63,66,1,0,1,4,5,FALSE,-2.31347695094569,0.0636552582395244,-1.9326110455753,-0.243031043127735,-1.79247216098806,1.0577020179913,-0.380865905370387,-0.521004789957625,-0.140138884587238
"WST",10,"kappa_0.3","app_sparse_hetero",7,"WST_heteroSparse",2.96291897812002,"BALANCED",2144,64,66,0,0,0,9,5,FALSE,-0.151938510345011,0.357327108039215,-0.119890999852113,0.236511677232344,-0.146147035841109,0.389739532838989,-0.0320475104928981,-0.00579147450390227,0.0262560359889958
"WST",10,"kappa_0.3","app_sparse_hetero",7,"WST_heteroSparse",2.96291897812002,"BALANCED",2145,65,66,0,0,0,3,5,FALSE,-0.629931347348423,0.129601429589679,-0.597221610748436,0.0132465146018633,-0.570684071751599,0.161823785433738,-0.0327097365999869,-0.0592472755968236,-0.0265375389968368
"WST",10,"kappa_0.3","app_sparse_hetero",7,"WST_heteroSparse",2.96291897812002,"BALANCED",2146,1,67,0,0,0,2,3,FALSE,-0.30456742897852,0.244331976412289,-0.309420080901629,0.106994719642883,-0.314305979859748,0.212056837874346,0.00485265192310891,0.00973855088122821,0.00488589895811931
"WST",10,"kappa_0.3","app_sparse_hetero",7,"WST_heteroSparse",2.96291897812002,"BALANCED",2147,2,67,0,0,0,9,3,FALSE,-0.403730255279215,0.258043629531732,-0.509477836497308,0.308388606795408,-0.63160751251839,0.17119160175589,0.105747581218093,0.227877257239175,0.122129676021082
"WST",10,"kappa_0.3","app_sparse_hetero",7,"WST_heteroSparse",2.96291897812002,"BALANCED",2148,3,67,0,0,0,1,3,FALSE,-0.336782493166861,0.241088916024884,-0.340505388165844,0.282051930484947,-0.346876986851163,0.375857138257343,0.00372289499898226,0.0100944936843019,0.00637159868531967
"WST",10,"kappa_0.3","app_sparse_hetero",7,"WST_heteroSparse",2.96291897812002,"BALANCED",2149,4,67,0,1,1,8,3,FALSE,-1.29731269823856,0.215969427350644,-1.21345130559536,0.199610057939867,-1.28680310931053,-0.0198056759157427,-0.0838613926432012,-0.0105095889280387,0.0733518037151626
"WST",10,"kappa_0.3","app_sparse_hetero",7,"WST_heteroSparse",2.96291897812002,"BALANCED",2150,5,67,0,1,1,7,3,FALSE,-1.32339586507666,0.114899638736828,-1.26585267008234,0.199090988371051,-1.24817986978256,0.22789332671334,-0.0575431949943148,-0.075215995294097,-0.0176728002997821
"WST",10,"kappa_0.3","app_sparse_hetero",7,"WST_heteroSparse",2.96291897812002,"BALANCED",2151,6,67,0,0,0,4,3,FALSE,-1.13878925670009,0.345573524940037,-1.10969776868041,0.195224002657941,-1.06491392157516,0.0881087131899178,-0.0290914880196844,-0.0738753351249297,-0.0447838471052453
"WST",10,"kappa_0.3","app_sparse_hetero",7,"WST_heteroSparse",2.96291897812002,"BALANCED",2152,7,67,0,0,0,6,3,FALSE,-0.399175666082892,0.111270556229044,-0.391172155846046,0.0804985177967253,-0.543295287265847,0.292794880014507,-0.0080035102368452,0.144119621182956,0.152123131419801
"WST",10,"kappa_0.3","app_sparse_hetero",7,"WST_heteroSparse",2.96291897812002,"BALANCED",2153,8,67,0,0,0,9,3,FALSE,-0.264070712558099,0.288260872910552,-0.329294652028373,0.201083997332721,-0.393748708549552,0.207800592956981,0.0652239394702745,0.129677995991453,0.0644540565211784
"WST",10,"kappa_0.3","app_sparse_hetero",7,"WST_heteroSparse",2.96291897812002,"BALANCED",2154,9,67,0,0,0,3,3,TRUE,-0.335330653146755,0.121860451701875,-0.3568538715566,0.354302548970664,-0.337256423327673,0.212212115992477,0.0215232184098451,0.00192577018091811,-0.019597448228927
"WST",10,"kappa_0.3","app_sparse_hetero",7,"WST_heteroSparse",2.96291897812002,"BALANCED",2155,10,67,0,0,0,3,3,TRUE,-0.338941225743436,0.114192749282561,-0.358259571585521,0.396156452155044,-0.354511635260306,0.314020666649104,0.0193183458420849,0.0155704095168705,-0.00374793632521442
"WST",10,"kappa_0.3","app_sparse_hetero",7,"WST_heteroSparse",2.96291897812002,"BALANCED",2156,11,67,0,0,0,9,3,FALSE,-0.338145160131855,0.0626739468446207,-0.43438310517397,0.0163040910344692,-0.523971107708,0.0666947813283533,0.0962379450421151,0.185825947576145,0.0895880025340299
"WST",10,"kappa_0.3","app_sparse_hetero",7,"WST_heteroSparse",2.96291897812002,"BALANCED",2157,12,67,0,0,0,6,3,FALSE,-0.526395015219584,-0.080912074052713,-0.5695582145718,0.39469440593243,-0.521374809620581,0.232375346255601,0.0431631993522164,-0.00502020559900274,-0.0481834049512191
"WST",10,"kappa_0.3","app_sparse_hetero",7,"WST_heteroSparse",2.96291897812002,"BALANCED",2158,13,67,0,1,1,7,3,FALSE,-1.34998294229224,0.217224325541068,-1.29863031318767,0.232804655762825,-1.35465782728969,-0.0957050183353413,-0.051352629104569,0.0046748849974465,0.0560275141020155
"WST",10,"kappa_0.3","app_sparse_hetero",7,"WST_heteroSparse",2.96291897812002,"BALANCED",2159,14,67,0,0,0,1,3,FALSE,-0.397096001408361,0.322380259796978,-0.382892319020537,0.213745973150486,-0.423221810068239,0.097881607903582,-0.0142036823878238,0.0261258086598781,0.0403294910477019
"WST",10,"kappa_0.3","app_sparse_hetero",7,"WST_heteroSparse",2.96291897812002,"BALANCED",2160,15,67,0,0,0,5,3,FALSE,-0.771662473506555,0.106222232191615,-0.750444843225401,0.226556196244349,-0.722064977650129,-0.020766037140957,-0.0212176302811535,-0.0495974958564256,-0.0283798655752721
"WST",10,"kappa_0.3","app_sparse_hetero",7,"WST_heteroSparse",2.96291897812002,"BALANCED",2161,16,67,0,1,1,10,3,FALSE,-1.1245198010364,0.0975743599221094,-1.12312919099696,0.325820478964621,-1.24975483971358,-0.00143128552223835,-0.00139061003943564,0.125235038677187,0.126625648716622
"WST",10,"kappa_0.3","app_sparse_hetero",7,"WST_heteroSparse",2.96291897812002,"BALANCED",2162,17,67,0,0,0,5,3,FALSE,-0.87536242519472,0.008651636579816,-0.880261553542506,0.197030213339162,-0.838357230934333,0.0792891003097029,0.00489912834778572,-0.0370051942603871,-0.0419043226081728
"WST",10,"kappa_0.3","app_sparse_hetero",7,"WST_heteroSparse",2.96291897812002,"BALANCED",2163,18,67,0,0,0,9,3,FALSE,-0.282398985966986,0.181817231931192,-0.359246263229078,0.303976430720786,-0.44943803189947,-0.0691922082851018,0.0768472772620923,0.167039045932484,0.0901917686703912
"WST",10,"kappa_0.3","app_sparse_hetero",7,"WST_heteroSparse",2.96291897812002,"BALANCED",2164,19,67,0,1,1,8,3,FALSE,-1.30779624459653,0.296242999766561,-1.30992938894645,-0.0087768181296863,-1.24401807512647,0.149496676112759,0.00213314434991219,-0.0637781694700674,-0.0659113138199796
"WST",10,"kappa_0.3","app_sparse_hetero",7,"WST_heteroSparse",2.96291897812002,"BALANCED",2165,20,67,0,0,0,1,3,FALSE,-0.407180550282285,0.191999277708028,-0.414997607073043,0.088259685274108,-0.461550773495262,-0.0630878074351813,0.00781705679075806,0.0543702232129775,0.0465531664222194
"WST",10,"kappa_0.3","app_sparse_hetero",7,"WST_heteroSparse",2.96291897812002,"BALANCED",2166,21,67,0,0,0,1,3,FALSE,-0.394400808140316,0.322906700425775,-0.402630263442052,0.262064231632829,-0.458603041537152,0.0673094821725916,0.00822945530173591,0.064202233396836,0.0559727780951
"WST",10,"kappa_0.3","app_sparse_hetero",7,"WST_heteroSparse",2.96291897812002,"BALANCED",2167,22,67,0,0,0,7,3,FALSE,-0.386260726341003,0.145692695944699,-0.350652973331379,0.218708581076173,-0.450919060607532,0.0689036241945684,-0.0356077530096242,0.0646583342665288,0.100266087276153
"WST",10,"kappa_0.3","app_sparse_hetero",7,"WST_heteroSparse",2.96291897812002,"BALANCED",2168,23,67,0,0,0,5,3,FALSE,-0.763031372981014,0.122897834626369,-0.737765901953227,-0.0686971693846585,-0.724253692973337,0.131820014729889,-0.0252654710277866,-0.0387776800076765,-0.0135122089798898
"WST",10,"kappa_0.3","app_sparse_hetero",7,"WST_heteroSparse",2.96291897812002,"BALANCED",2169,24,67,0,0,0,1,3,FALSE,-0.48721732964311,0.167125026060867,-0.474643446321344,-0.0469767728625115,-0.529610331399732,0.204101665784569,-0.0125738833217666,0.0423930017566221,0.0549668850783886
"WST",10,"kappa_0.3","app_sparse_hetero",7,"WST_heteroSparse",2.96291897812002,"BALANCED",2170,25,67,0,1,1,10,3,FALSE,-1.36953671886028,0.141616765078358,-1.3749920387741,0.227639290677751,-1.51976736558406,0.0810683873622509,0.00545531991382298,0.150230646723784,0.144775326809961
"WST",10,"kappa_0.3","app_sparse_hetero",7,"WST_heteroSparse",2.96291897812002,"BALANCED",2171,26,67,2,0,2,2,3,FALSE,-4.28471134479396,0.0395888787905731,-4.4795644025086,0.604610096877637,-4.64278794818138,0.0371766874157855,0.194853057714639,0.35807660338742,0.163223545672781
"WST",10,"kappa_0.3","app_sparse_hetero",7,"WST_heteroSparse",2.96291897812002,"BALANCED",2172,27,67,0,0,0,2,3,FALSE,-0.284411548058146,0.0891484108626543,-0.298696853534856,0.419577799341544,-0.258296363222692,0.420296123257046,0.0142853054767098,-0.0261151848354544,-0.0404004903121642
"WST",10,"kappa_0.3","app_sparse_hetero",7,"WST_heteroSparse",2.96291897812002,"BALANCED",2173,28,67,0,0,0,6,3,FALSE,-0.373542488503243,0.279977570595435,-0.368062059182027,0.212836981080409,-0.487881766790109,0.127886329809068,-0.00548042932121628,0.114339278286867,0.119819707608083
"WST",10,"kappa_0.3","app_sparse_hetero",7,"WST_heteroSparse",2.96291897812002,"BALANCED",2174,29,67,0,0,0,7,3,FALSE,-0.457776855642316,0.349028404779169,-0.427843793897989,0.129625934154035,-0.478836190709043,0.211012692756179,-0.0299330617443267,0.0210593350667274,0.0509923968110542
"WST",10,"kappa_0.3","app_sparse_hetero",7,"WST_heteroSparse",2.96291897812002,"BALANCED",2175,30,67,0,1,1,8,3,FALSE,-1.89708093443993,0.463155101114814,-1.49904996201781,0.480316815633294,-1.34428193735268,-0.0728517578203475,-0.398030972422124,-0.552798997087254,-0.15476802466513
"WST",10,"kappa_0.3","app_sparse_hetero",7,"WST_heteroSparse",2.96291897812002,"BALANCED",2176,31,67,0,0,0,7,3,FALSE,-0.459233751404041,0.0757044040689333,-0.627781931894543,0.124338791063034,-0.66237512460478,0.0391889119209554,0.168548180490502,0.203141373200738,0.0345931927102363
"WST",10,"kappa_0.3","app_sparse_hetero",7,"WST_heteroSparse",2.96291897812002,"BALANCED",2177,32,67,0,1,1,4,3,FALSE,-1.11423937102287,0.404172272196121,-1.13366424314254,0.387200150914925,-1.13568444382742,0.662981139321375,0.0194248721196688,0.0214450728045517,0.00202020068488284
"WST",10,"kappa_0.3","app_sparse_hetero",7,"WST_heteroSparse",2.96291897812002,"BALANCED",2178,33,67,0,2,2,4,3,FALSE,-2.09418449996087,0.138032634709394,-2.16190654754077,0.38444731319638,-2.17061335368095,0.118169067576442,0.067722047579899,0.0764288537200768,0.00870680614017783
"WST",10,"kappa_0.3","app_sparse_hetero",7,"WST_heteroSparse",2.96291897812002,"BALANCED",2179,34,67,0,0,0,6,3,FALSE,-0.423642230036336,0.201740000925145,-0.372725191117166,0.286319843117176,-0.496874764151817,-0.0936157440195318,-0.0509170389191702,0.0732325341154816,0.124149573034652
"WST",10,"kappa_0.3","app_sparse_hetero",7,"WST_heteroSparse",2.96291897812002,"BALANCED",2180,35,67,0,2,2,3,3,TRUE,-4.82804129334612,0.4804812791336,-4.56341554313633,0.344882195687339,-4.56258264953849,0.259582832282231,-0.264625750209788,-0.26545864380763,-0.000832893597841888
"WST",10,"kappa_0.3","app_sparse_hetero",7,"WST_heteroSparse",2.96291897812002,"BALANCED",2181,36,67,0,0,0,5,3,FALSE,-0.525868073953903,0.293400960414059,-0.510733790840795,0.277540170207731,-0.516163272933087,0.0606341888184502,-0.0151342831131087,-0.00970480102081694,0.00542948209229177
"WST",10,"kappa_0.3","app_sparse_hetero",7,"WST_heteroSparse",2.96291897812002,"BALANCED",2182,37,67,0,0,0,7,3,FALSE,-0.368207098000643,0.0869530418968748,-0.371319298064103,0.184072567763136,-0.496269860373389,0.0211980194772991,0.0031122000634598,0.128062762372746,0.124950562309286
"WST",10,"kappa_0.3","app_sparse_hetero",7,"WST_heteroSparse",2.96291897812002,"BALANCED",2183,38,67,0,0,0,9,3,FALSE,-0.279519993223068,0.149270953203699,-0.373882398317154,0.161828424310862,-0.44699684077969,-0.117810034472467,0.0943624050940857,0.167476847556622,0.0731144424625363
"WST",10,"kappa_0.3","app_sparse_hetero",7,"WST_heteroSparse",2.96291897812002,"BALANCED",2184,39,67,0,0,0,8,3,FALSE,-0.436465079792426,0.229769172515648,-0.40791255902035,0.152083420690218,-0.356124342488047,0.553628432826141,-0.0285525207720756,-0.080340737304379,-0.0517882165323034
"WST",10,"kappa_0.3","app_sparse_hetero",7,"WST_heteroSparse",2.96291897812002,"BALANCED",2185,40,67,0,1,1,10,3,FALSE,-1.08565832238739,0.165130502659392,-1.1096828228992,0.115005036224935,-1.17366811576994,0.10663895246512,0.0240245005118069,0.0880097933825503,0.0639852928707434
"WST",10,"kappa_0.3","app_sparse_hetero",7,"WST_heteroSparse",2.96291897812002,"BALANCED",2186,41,67,0,0,0,6,3,FALSE,-0.454371998193349,0.372736085617562,-0.412184360696425,0.320751412673332,-0.538473551983307,-0.113179465659918,-0.0421876374969248,0.0841015537899574,0.126289191286882
"WST",10,"kappa_0.3","app_sparse_hetero",7,"WST_heteroSparse",2.96291897812002,"BALANCED",2187,42,67,0,0,0,1,3,FALSE,-0.442568129477392,0.131211441305698,-0.457458933216946,0.141080022974021,-0.502207322660944,0.147804411792001,0.0148908037395543,0.0596391931835525,0.0447483894439982
"WST",10,"kappa_0.3","app_sparse_hetero",7,"WST_heteroSparse",2.96291897812002,"BALANCED",2188,43,67,0,0,0,4,3,FALSE,-0.832464727921259,0.218681071088937,-0.798594847435021,-0.08733736682309,-0.768443974230467,0.0277862220742777,-0.0338698804862378,-0.0640207536907926,-0.0301508732045548
"WST",10,"kappa_0.3","app_sparse_hetero",7,"WST_heteroSparse",2.96291897812002,"BALANCED",2189,44,67,0,0,0,9,3,FALSE,-0.437958671134627,0.255998222026534,-0.503872778299917,0.233287062310595,-0.600533965865061,0.273284404074266,0.0659141071652902,0.162575294730434,0.096661187565144
"WST",10,"kappa_0.3","app_sparse_hetero",7,"WST_heteroSparse",2.96291897812002,"BALANCED",2190,45,67,0,0,0,2,3,FALSE,-0.513637353555445,0.162447655585282,-0.536756179482248,0.20561574691219,-0.505019226885239,0.115399386036511,0.0231188259268036,-0.00861812667020523,-0.0317369525970088
"WST",10,"kappa_0.3","app_sparse_hetero",7,"WST_heteroSparse",2.96291897812002,"BALANCED",2191,46,67,0,1,1,6,3,FALSE,-1.45913089496386,0.496283841909608,-1.44062282318858,0.440974469596529,-1.42094881615569,0.283263640882779,-0.0185080717752717,-0.0381820788081653,-0.0196740070328936
"WST",10,"kappa_0.3","app_sparse_hetero",7,"WST_heteroSparse",2.96291897812002,"BALANCED",2192,47,67,0,0,0,10,3,FALSE,-0.54257329868348,0.180255859146517,-0.477374049330082,0.22549940037906,-0.375650267382166,0.406274300925675,-0.0651992493533973,-0.166923031301313,-0.101723781947916
"WST",10,"kappa_0.3","app_sparse_hetero",7,"WST_heteroSparse",2.96291897812002,"BALANCED",2193,48,67,0,3,3,4,3,FALSE,-3.63372129437178,0.621949335338483,-3.58628108636274,0.357244037271946,-3.59339754007652,0.152342021354295,-0.0474402080090366,-0.0403237542952564,0.00711645371378022
"WST",10,"kappa_0.3","app_sparse_hetero",7,"WST_heteroSparse",2.96291897812002,"BALANCED",2194,49,67,0,1,1,10,3,FALSE,-1.16759117792126,0.0445787474659163,-1.17225547061391,-0.039020482854538,-1.31986329774483,-0.0455314894309736,0.00466429269265145,0.152272119823571,0.147607827130919
"WST",10,"kappa_0.3","app_sparse_hetero",7,"WST_heteroSparse",2.96291897812002,"BALANCED",2195,50,67,0,1,1,8,3,FALSE,-1.18611066963033,0.0818082417837815,-1.16030217214642,0.386313725824857,-1.26617037050069,0.271984451496246,-0.0258084974839106,0.0800597008703647,0.105868198354275
"WST",10,"kappa_0.3","app_sparse_hetero",7,"WST_heteroSparse",2.96291897812002,"BALANCED",2196,51,67,0,0,0,7,3,FALSE,-0.734899526492639,0.154513929650362,-0.716086643872522,0.223884106783376,-0.666058234747092,-0.0665356441825322,-0.018812882620117,-0.0688412917455468,-0.0500284091254297
"WST",10,"kappa_0.3","app_sparse_hetero",7,"WST_heteroSparse",2.96291897812002,"BALANCED",2197,52,67,0,1,1,10,3,FALSE,-1.18321880455664,-0.023398397645384,-1.23356465647194,0.0460635152802521,-1.34643363496952,-0.00407950024954014,0.0503458519153002,0.163214830412881,0.11286897849758
"WST",10,"kappa_0.3","app_sparse_hetero",7,"WST_heteroSparse",2.96291897812002,"BALANCED",2198,53,67,0,0,0,3,3,TRUE,-0.221490465704261,0.301972821480507,-0.227075373997784,0.358603041368325,-0.216347587435867,0.312991169936925,0.00558490829352287,-0.00514287826839421,-0.0107277865619171
"WST",10,"kappa_0.3","app_sparse_hetero",7,"WST_heteroSparse",2.96291897812002,"BALANCED",2199,54,67,0,0,0,5,3,FALSE,-0.757378831013819,0.246856381137328,-0.778338531323163,0.105926950891876,-0.777794532102917,0.227952085443961,0.0209597003093442,0.0204157010890986,-0.000543999220245617
"WST",10,"kappa_0.3","app_sparse_hetero",7,"WST_heteroSparse",2.96291897812002,"BALANCED",2200,55,67,0,2,2,8,3,FALSE,-2.09002646310586,0.109521283492612,-2.06977833476985,0.229003515749866,-2.30141550968644,0.167595019766128,-0.0202481283360072,0.211389046580584,0.231637174916592
"WST",10,"kappa_0.3","app_sparse_hetero",7,"WST_heteroSparse",2.96291897812002,"BALANCED",2201,56,67,0,0,0,3,3,TRUE,-0.5057600653106,0.269067039587013,-0.527634579496666,0.477630657442818,-0.508288659694041,-0.0336919442168208,0.0218745141860657,0.002528594383441,-0.0193459198026247
"WST",10,"kappa_0.3","app_sparse_hetero",7,"WST_heteroSparse",2.96291897812002,"BALANCED",2202,57,67,0,0,0,2,3,FALSE,-0.372845829688613,0.122095322636887,-0.398249051912831,0.39474483965852,-0.336437336390026,-0.000751683357147155,0.0254032222242184,-0.0364084932985866,-0.0618117155228051
"WST",10,"kappa_0.3","app_sparse_hetero",7,"WST_heteroSparse",2.96291897812002,"BALANCED",2203,58,67,0,0,0,8,3,FALSE,-0.666470827155169,0.149017958782696,-0.609917156018746,0.20123288784805,-0.486797241115189,0.17616940517034,-0.056553671136423,-0.179673586039979,-0.123119914903556
"WST",10,"kappa_0.3","app_sparse_hetero",7,"WST_heteroSparse",2.96291897812002,"BALANCED",2204,59,67,0,4,4,10,3,FALSE,-6.22657267158223,0.725655447939713,-6.64829154582976,0.561723174765478,-6.50876958463756,0.270361294897293,0.421718874247533,0.282196913055333,-0.139521961192201
"WST",10,"kappa_0.3","app_sparse_hetero",7,"WST_heteroSparse",2.96291897812002,"BALANCED",2205,60,67,0,2,2,5,3,FALSE,-3.88244369636673,0.657149225266933,-4.03035356782682,0.402648637165156,-3.53438279290354,0.809372845762458,0.147909871460095,-0.348060903463188,-0.495970774923284
"WST",10,"kappa_0.3","app_sparse_hetero",7,"WST_heteroSparse",2.96291897812002,"BALANCED",2206,61,67,0,0,0,1,3,FALSE,-0.345123827581869,0.357302616351419,-0.343894642305754,0.0424687005357932,-0.370826751897931,0.39509588701213,-0.00122918527611482,0.0257029243160618,0.0269321095921766
"WST",10,"kappa_0.3","app_sparse_hetero",7,"WST_heteroSparse",2.96291897812002,"BALANCED",2207,62,67,0,0,0,6,3,FALSE,-0.347350843345001,0.120427032363029,-0.369251150528795,0.119850559280357,-0.386808545143999,0.173557425491761,0.0219003071837944,0.0394577017989981,0.0175573946152037
"WST",10,"kappa_0.3","app_sparse_hetero",7,"WST_heteroSparse",2.96291897812002,"BALANCED",2208,63,67,0,0,0,4,3,FALSE,-0.365896026194892,0.118815171708488,-0.306707113088881,0.0224377648138892,-0.269670397271114,0.669728088388366,-0.059188913106011,-0.0962256289237775,-0.0370367158177665
"WST",10,"kappa_0.3","app_sparse_hetero",7,"WST_heteroSparse",2.96291897812002,"BALANCED",2209,64,67,0,1,1,9,3,FALSE,-1.6541562339633,0.229018004804943,-1.63751234270996,0.343048500194587,-1.54164207636236,0.0138473541651684,-0.0166438912533353,-0.112514157600937,-0.0958702663476014
"WST",10,"kappa_0.3","app_sparse_hetero",7,"WST_heteroSparse",2.96291897812002,"BALANCED",2210,65,67,0,0,0,3,3,TRUE,-0.394514468690573,0.262609851713825,-0.404641957608074,0.203009490682053,-0.407979147311089,0.20627651945982,0.0101274889175018,0.0134646786205161,0.00333718970301433
"WST",10,"kappa_0.3","app_sparse_hetero",7,"WST_heteroSparse",2.96291897812002,"BALANCED",2211,66,67,0,0,0,5,3,FALSE,-0.747001125048951,-0.00976058635899843,-0.724333135711396,0.167611048735865,-0.692477109686267,0.137729247589314,-0.0226679893375543,-0.0545240153626843,-0.0318560260251299
"WST",10,"kappa_0.3","app_sparse_hetero",7,"WST_heteroSparse",2.96291897812002,"BALANCED",2212,1,68,0,0,0,2,2,TRUE,-0.198805039553452,0.337864665864828,-0.173653713677129,0.216439328204728,-0.176232502969764,0.227250271258656,-0.0251513258763234,-0.022572536583688,0.00257878929263544
"WST",10,"kappa_0.3","app_sparse_hetero",7,"WST_heteroSparse",2.96291897812002,"BALANCED",2213,2,68,0,0,0,9,2,FALSE,-0.31188024090461,0.402731301326554,-0.290355917626113,0.281623123898483,-0.347088748903686,0.260549064410334,-0.0215243232784967,0.0352085079990765,0.0567328312775732
"WST",10,"kappa_0.3","app_sparse_hetero",7,"WST_heteroSparse",2.96291897812002,"BALANCED",2214,3,68,0,0,0,1,2,FALSE,-0.220168819673245,-0.00707496409773771,-0.1907008299911,0.122949732474677,-0.193669840792086,0.0438405166494419,-0.0294679896821446,-0.0264989788811594,0.00296901080098522
"WST",10,"kappa_0.3","app_sparse_hetero",7,"WST_heteroSparse",2.96291897812002,"BALANCED",2215,4,68,0,0,0,8,2,FALSE,-0.294019722513034,0.0701007105301708,-0.342385224315312,0.105256276780231,-0.300833643801615,0.477423892813349,0.0483655018022784,0.00681392128858072,-0.0415515805136977
"WST",10,"kappa_0.3","app_sparse_hetero",7,"WST_heteroSparse",2.96291897812002,"BALANCED",2216,5,68,0,0,0,7,2,FALSE,-0.307284506212226,-0.0615522280173032,-0.331378441515619,0.07363344098025,-0.329709259564527,0.436936279232379,0.0240939353033927,0.0224247533523014,-0.00166918195109123
"WST",10,"kappa_0.3","app_sparse_hetero",7,"WST_heteroSparse",2.96291897812002,"BALANCED",2217,6,68,0,0,0,4,2,FALSE,-0.545514772760479,0.152964852128597,-0.578798765707548,0.328879785032983,-0.585816821541041,0.241432117556226,0.0332839929470685,0.0403020487805614,0.00701805583349291
"WST",10,"kappa_0.3","app_sparse_hetero",7,"WST_heteroSparse",2.96291897812002,"BALANCED",2218,7,68,0,1,1,6,2,FALSE,-1.89546841138991,0.337759740513639,-1.93727163132771,0.00436321081519078,-1.67398677622677,-0.0661608463616779,0.0418032199377958,-0.221481635163143,-0.263284855100939
"WST",10,"kappa_0.3","app_sparse_hetero",7,"WST_heteroSparse",2.96291897812002,"BALANCED",2219,8,68,0,0,0,9,2,FALSE,-0.194000118496374,-0.00400124698414668,-0.184413182124311,0.147542772685708,-0.217605330202635,0.209622161153492,-0.00958693637206309,0.0236052117062604,0.0331921480783235
"WST",10,"kappa_0.3","app_sparse_hetero",7,"WST_heteroSparse",2.96291897812002,"BALANCED",2220,9,68,0,0,0,3,2,FALSE,-0.206573182846233,0.253347484433499,-0.201019975826629,0.170675603746566,-0.190016966266388,0.420376502406467,-0.00555320701960405,-0.0165562165798452,-0.0110030095602411
"WST",10,"kappa_0.3","app_sparse_hetero",7,"WST_heteroSparse",2.96291897812002,"BALANCED",2221,10,68,0,0,0,3,2,FALSE,-0.210181722482774,0.382662992726766,-0.204806830288618,-0.119475008341538,-0.198581931386336,0.387869813278405,-0.00537489219415654,-0.0115997910964385,-0.00622489890228195
"WST",10,"kappa_0.3","app_sparse_hetero",7,"WST_heteroSparse",2.96291897812002,"BALANCED",2222,11,68,0,0,0,9,2,FALSE,-0.25697799629963,0.125691638976837,-0.248557928621351,0.0679235246596062,-0.28977293618049,0.161444879588168,-0.00842006767827908,0.0327949398808594,0.0412150075591384
"WST",10,"kappa_0.3","app_sparse_hetero",7,"WST_heteroSparse",2.96291897812002,"BALANCED",2223,12,68,0,1,1,6,2,FALSE,-1.82886118473209,0.185517390261401,-1.72992590594031,0.225820286633424,-1.71085805963956,-0.121785276169045,-0.0989352787917843,-0.118003125092535,-0.019067846300751
"WST",10,"kappa_0.3","app_sparse_hetero",7,"WST_heteroSparse",2.96291897812002,"BALANCED",2224,13,68,0,0,0,7,2,FALSE,-0.262836983093776,0.01734715077524,-0.29528070180178,0.240420510397779,-0.268395240847538,0.355862108324756,0.032443718708004,0.00555825775376206,-0.0268854609542419
"WST",10,"kappa_0.3","app_sparse_hetero",7,"WST_heteroSparse",2.96291897812002,"BALANCED",2225,14,68,0,0,0,1,2,FALSE,-0.264872152935479,0.503110107679511,-0.216121406690742,0.347947333763714,-0.237927875618847,0.474653549825302,-0.0487507462447372,-0.0269442773166322,0.021806468928105
"WST",10,"kappa_0.3","app_sparse_hetero",7,"WST_heteroSparse",2.96291897812002,"BALANCED",2226,15,68,0,0,0,5,2,FALSE,-0.375376361319494,-0.138887226619411,-0.394780881695816,0.142865509150896,-0.396195599519205,0.313598035275958,0.0194045203763222,0.020819238199711,0.00141471782338876
"WST",10,"kappa_0.3","app_sparse_hetero",7,"WST_heteroSparse",2.96291897812002,"BALANCED",2227,16,68,0,1,1,10,2,FALSE,-1.55197476915659,0.23099833362564,-1.45225026423184,0.496949332609945,-1.61925557741862,0.106185762097147,-0.099724504924751,0.0672808082620273,0.167005313186778
"WST",10,"kappa_0.3","app_sparse_hetero",7,"WST_heteroSparse",2.96291897812002,"BALANCED",2228,17,68,0,0,0,5,2,FALSE,-0.423892806594544,0.0453235068202514,-0.462022375998066,-0.205703048391818,-0.464445576082515,0.347652929242849,0.0381295694035213,0.0405527694879702,0.00242320008444885
"WST",10,"kappa_0.3","app_sparse_hetero",7,"WST_heteroSparse",2.96291897812002,"BALANCED",2229,18,68,0,0,0,9,2,FALSE,-0.220062972887283,0.00711619384389926,-0.208463747736018,0.0790039928722354,-0.248396839632319,-0.14426989596985,-0.0115992251512651,0.0283338667450357,0.0399330918963008
"WST",10,"kappa_0.3","app_sparse_hetero",7,"WST_heteroSparse",2.96291897812002,"BALANCED",2230,19,68,0,0,0,8,2,FALSE,-0.324890120627231,0.0705195291330485,-0.304027002497462,0.188000055153537,-0.333722989000525,0.547983406283216,-0.0208631181297685,0.00883286837329411,0.0296959865030626
"WST",10,"kappa_0.3","app_sparse_hetero",7,"WST_heteroSparse",2.96291897812002,"BALANCED",2231,20,68,0,0,0,1,2,FALSE,-0.265530020966143,0.277078966142897,-0.23462612401508,0.389851204740164,-0.259489610399229,0.368255112889364,-0.0309038969510622,-0.0060404105669134,0.0248634863841488
"WST",10,"kappa_0.3","app_sparse_hetero",7,"WST_heteroSparse",2.96291897812002,"BALANCED",2232,21,68,0,0,0,1,2,FALSE,-0.254261356728355,0.0603576927543088,-0.228579422638723,0.487757348398542,-0.256621658439746,0.362833062126804,-0.0256819340896319,0.00236030171139134,0.0280422358010233
"WST",10,"kappa_0.3","app_sparse_hetero",7,"WST_heteroSparse",2.96291897812002,"BALANCED",2233,22,68,0,0,0,7,2,FALSE,-0.205987095886444,0.00683888709666716,-0.195451201112721,0.110521455313556,-0.250980391458751,0.404914004017428,-0.0105358947737235,0.0449932955723069,0.0555291903460304
"WST",10,"kappa_0.3","app_sparse_hetero",7,"WST_heteroSparse",2.96291897812002,"BALANCED",2234,23,68,0,1,1,5,2,FALSE,-1.61361619757419,0.514906121458158,-1.504761180601,0.202276557021049,-1.48931786396096,0.420393073941518,-0.108855016973195,-0.124298333613232,-0.0154433166400363
"WST",10,"kappa_0.3","app_sparse_hetero",7,"WST_heteroSparse",2.96291897812002,"BALANCED",2235,24,68,0,0,0,1,2,FALSE,-0.329280481441931,0.551326362151527,-0.266429546002996,0.269260229106299,-0.296542354960615,0.227347038375465,-0.0628509354389353,-0.0327381264813162,0.030112808957619
"WST",10,"kappa_0.3","app_sparse_hetero",7,"WST_heteroSparse",2.96291897812002,"BALANCED",2236,25,68,0,0,0,10,2,FALSE,-0.232156948482498,0.310999979690664,-0.250775154810549,0.0533353228533218,-0.202139460668789,-0.0598072024652966,0.0186182063280516,-0.0300174878137085,-0.0486356941417601
"WST",10,"kappa_0.3","app_sparse_hetero",7,"WST_heteroSparse",2.96291897812002,"BALANCED",2237,26,68,0,1,1,2,2,TRUE,-2.4529902595908,0.465184044227807,-2.5547427962701,0.838904196546659,-2.56071850955704,0.358615479762988,0.101752536679292,0.107728249966238,0.00597571328694535
"WST",10,"kappa_0.3","app_sparse_hetero",7,"WST_heteroSparse",2.96291897812002,"BALANCED",2238,27,68,1,0,1,2,2,TRUE,-2.85131979985101,0.770444082710793,-3.0238997575043,0.72740546360695,-2.93908681946724,0.610850363585463,0.172579957653286,0.087767019616221,-0.0848129380370652
"WST",10,"kappa_0.3","app_sparse_hetero",7,"WST_heteroSparse",2.96291897812002,"BALANCED",2239,28,68,0,0,0,6,2,FALSE,-0.239984317558863,0.157629124838828,-0.209391481456358,-0.0180654453270216,-0.273359835832085,0.32948043371457,-0.0305928361025058,0.033375518273222,0.0639683543757279
"WST",10,"kappa_0.3","app_sparse_hetero",7,"WST_heteroSparse",2.96291897812002,"BALANCED",2240,29,68,1,0,1,7,2,FALSE,-4.39299078297342,0.277033100817333,-4.94594362977879,0.267605319822586,-4.59755569801957,0.579729563210438,0.552952846805375,0.204564915046153,-0.348387931759222
"WST",10,"kappa_0.3","app_sparse_hetero",7,"WST_heteroSparse",2.96291897812002,"BALANCED",2241,30,68,0,1,1,8,2,FALSE,-1.98234237797138,0.208305101979599,-1.90018860838221,0.174772125935411,-1.75479234958856,0.0276831005758387,-0.0821537695891674,-0.227550028382821,-0.145396258793654
"WST",10,"kappa_0.3","app_sparse_hetero",7,"WST_heteroSparse",2.96291897812002,"BALANCED",2242,31,68,0,0,0,7,2,FALSE,-0.281853074467168,-0.0649424912669605,-0.33998538296437,0.178858230361252,-0.363490601890001,0.327717648128037,0.0581323084972016,0.0816375274228323,0.0235052189256306
"WST",10,"kappa_0.3","app_sparse_hetero",7,"WST_heteroSparse",2.96291897812002,"BALANCED",2243,32,68,0,0,0,4,2,FALSE,-0.436461263258366,0.269420966833652,-0.464011653027943,0.215944566181028,-0.45603781454536,0.241356481865012,0.0275503897695772,0.0195765512869945,-0.00797383848258271
"WST",10,"kappa_0.3","app_sparse_hetero",7,"WST_heteroSparse",2.96291897812002,"BALANCED",2244,33,68,0,0,0,4,2,FALSE,-0.438656815471299,0.172139014827383,-0.463433902559026,-0.116023655604592,-0.468841045307386,0.349446091642887,0.0247770870877266,0.0301842298360864,0.00540714274835974
"WST",10,"kappa_0.3","app_sparse_hetero",7,"WST_heteroSparse",2.96291897812002,"BALANCED",2245,34,68,0,0,0,6,2,FALSE,-0.233152207794928,0.060033737448493,-0.20791125552322,0.136614575297798,-0.276316538756673,0.383928128959076,-0.0252409522717079,0.0431643309617451,0.068405283233453
"WST",10,"kappa_0.3","app_sparse_hetero",7,"WST_heteroSparse",2.96291897812002,"BALANCED",2246,35,68,0,1,1,3,2,FALSE,-2.27606798591484,0.16856423310761,-2.36021319920447,0.22161144436908,-2.51726392973818,0.0630440234331711,0.0841452132896219,0.241195943823341,0.157050730533719
"WST",10,"kappa_0.3","app_sparse_hetero",7,"WST_heteroSparse",2.96291897812002,"BALANCED",2247,36,68,0,1,1,5,2,FALSE,-1.86435727054956,0.255030646173944,-1.78415938702414,0.0355858091357852,-1.74656870450961,0.368226739984964,-0.0801978835254147,-0.117788566039949,-0.0375906825145345
"WST",10,"kappa_0.3","app_sparse_hetero",7,"WST_heteroSparse",2.96291897812002,"BALANCED",2248,37,68,0,0,0,7,2,FALSE,-0.240815565828016,0.219600150787434,-0.20977792339674,0.184694838212435,-0.27730931165715,0.344957466311166,-0.0310376424312757,0.0364937458291337,0.0675313882604094
"WST",10,"kappa_0.3","app_sparse_hetero",7,"WST_heteroSparse",2.96291897812002,"BALANCED",2249,38,68,0,0,0,9,2,FALSE,-0.216095626493762,0.0493674470846056,-0.215723854955269,0.261018361623242,-0.246960760663121,0.242507199303994,-0.000371771538492993,0.0308651341693595,0.0312369057078525
"WST",10,"kappa_0.3","app_sparse_hetero",7,"WST_heteroSparse",2.96291897812002,"BALANCED",2250,39,68,0,0,0,8,2,FALSE,-0.197386658898828,0.0859029911056889,-0.205827641914156,0.0219714232478775,-0.195163076706172,0.484591135888033,0.00844098301532803,-0.00222358219265573,-0.0106645652079838
"WST",10,"kappa_0.3","app_sparse_hetero",7,"WST_heteroSparse",2.96291897812002,"BALANCED",2251,40,68,0,0,0,10,2,FALSE,-0.446490008605079,0.0892567684186851,-0.4377695258836,-0.00219830365369739,-0.361553793419915,-0.00104303073864288,-0.00872048272147907,-0.0849362151851638,-0.0762157324636847
"WST",10,"kappa_0.3","app_sparse_hetero",7,"WST_heteroSparse",2.96291897812002,"BALANCED",2252,41,68,0,0,0,6,2,FALSE,-0.260785403842794,0.198368937988453,-0.229547935290937,0.0678047350451372,-0.301118951421881,0.470023388127851,-0.0312374685518568,0.0403335475790865,0.0715710161309433
"WST",10,"kappa_0.3","app_sparse_hetero",7,"WST_heteroSparse",2.96291897812002,"BALANCED",2253,42,68,0,0,0,1,2,FALSE,-0.290924363156311,0.00416108973362908,-0.255032524540902,0.0933178137580043,-0.281531525635493,0.295874988196918,-0.0358918386154086,-0.0093928375208181,0.0264990010945905
"WST",10,"kappa_0.3","app_sparse_hetero",7,"WST_heteroSparse",2.96291897812002,"BALANCED",2254,43,68,0,0,0,4,2,FALSE,-0.395825283982192,-0.00766877159575473,-0.424262285208505,0.192759349023214,-0.420725233040966,0.223718655939795,0.0284370012263127,0.0248999490587742,-0.00353705216753841
"WST",10,"kappa_0.3","app_sparse_hetero",7,"WST_heteroSparse",2.96291897812002,"BALANCED",2255,44,68,0,1,1,9,2,FALSE,-1.69185170950761,-0.0262668847148539,-1.67901890687854,0.157165687418589,-1.57111524072744,0.200967799836833,-0.0128328026290783,-0.12073646878017,-0.107903666151092
"WST",10,"kappa_0.3","app_sparse_hetero",7,"WST_heteroSparse",2.96291897812002,"BALANCED",2256,45,68,0,0,0,2,2,TRUE,-0.324715050587023,0.158966379532863,-0.293759894014281,0.149981637231951,-0.272091892199903,-0.00317060732410543,-0.030955156572742,-0.05262315838712,-0.021668001814378
"WST",10,"kappa_0.3","app_sparse_hetero",7,"WST_heteroSparse",2.96291897812002,"BALANCED",2257,46,68,0,0,0,6,2,FALSE,-0.237751584312347,0.302404916245133,-0.24732516932618,0.252402829848141,-0.259171931427402,0.728954012344121,0.00957358501383254,0.0214203471150549,0.0118467621012224
"WST",10,"kappa_0.3","app_sparse_hetero",7,"WST_heteroSparse",2.96291897812002,"BALANCED",2258,47,68,0,1,1,10,2,FALSE,-1.83934279470728,0.103020819765057,-1.80661362456241,-0.0093826397793145,-1.93443014305835,0.175987375461524,-0.0327291701448615,0.0950873483510764,0.127816518495938
"WST",10,"kappa_0.3","app_sparse_hetero",7,"WST_heteroSparse",2.96291897812002,"BALANCED",2259,48,68,0,2,2,4,2,FALSE,-3.41548258507443,0.37712119573392,-3.03752823996465,0.258529986292587,-3.01942681292693,0.40729608961551,-0.377954345109776,-0.396055772147503,-0.0181014270377267
"WST",10,"kappa_0.3","app_sparse_hetero",7,"WST_heteroSparse",2.96291897812002,"BALANCED",2260,49,68,0,0,0,10,2,FALSE,-0.328142617973303,0.170679184380694,-0.344220672015017,0.193594965783186,-0.277493698217699,0.0262250637135724,0.0160780540417136,-0.0506489197556048,-0.0667269737973184
"WST",10,"kappa_0.3","app_sparse_hetero",7,"WST_heteroSparse",2.96291897812002,"BALANCED",2261,50,68,0,1,1,8,2,FALSE,-1.58416209383908,0.0655823962925574,-1.49733005297485,0.195232970748618,-1.63190348384773,0.159890768353656,-0.0868320408642331,0.047741390008647,0.13457343087288
"WST",10,"kappa_0.3","app_sparse_hetero",7,"WST_heteroSparse",2.96291897812002,"BALANCED",2262,51,68,0,1,1,7,2,FALSE,-1.65887400432053,0.257910403408869,-1.54456953594653,0.390036401551881,-1.51273750899115,0.0944001159397037,-0.114304468374001,-0.146136495329383,-0.0318320269553825
"WST",10,"kappa_0.3","app_sparse_hetero",7,"WST_heteroSparse",2.96291897812002,"BALANCED",2263,52,68,0,0,0,10,2,FALSE,-0.318353349230203,0.139019471250457,-0.312334193848417,0.0766955944207028,-0.255740857458568,0.0157329009695073,-0.00601915538178588,-0.0626124917716346,-0.0565933363898488
"WST",10,"kappa_0.3","app_sparse_hetero",7,"WST_heteroSparse",2.96291897812002,"BALANCED",2264,53,68,0,0,0,3,2,FALSE,-0.148215425037618,0.23251912070178,-0.130804116782101,0.318573875342391,-0.121426410026531,0.345571377066107,-0.0174113082555172,-0.0267890150110865,-0.00937770675556937
"WST",10,"kappa_0.3","app_sparse_hetero",7,"WST_heteroSparse",2.96291897812002,"BALANCED",2265,54,68,0,1,1,5,2,FALSE,-1.53155147667631,0.199787447674133,-1.47146688957868,0.300543536216766,-1.44619075380777,0.391390429384214,-0.0600845870976388,-0.0853607228685469,-0.0252761357709081
"WST",10,"kappa_0.3","app_sparse_hetero",7,"WST_heteroSparse",2.96291897812002,"BALANCED",2266,55,68,0,0,0,8,2,FALSE,-0.460649879585762,0.235128491021652,-0.494644288825592,0.189758964149575,-0.414657390463367,-0.0134022047957461,0.0339944092398303,-0.0459924891223942,-0.0799868983622245
"WST",10,"kappa_0.3","app_sparse_hetero",7,"WST_heteroSparse",2.96291897812002,"BALANCED",2267,56,68,0,0,0,3,2,FALSE,-0.303338975579993,0.218579242547259,-0.296165186843516,0.0632676250587743,-0.286562092281111,0.365871020024338,-0.00717378873647689,-0.0167768832988822,-0.00960309456240527
"WST",10,"kappa_0.3","app_sparse_hetero",7,"WST_heteroSparse",2.96291897812002,"BALANCED",2268,57,68,0,0,0,2,2,TRUE,-0.251943197860449,0.303840028921471,-0.241070786542401,0.700763155434989,-0.190375689935176,0.483236580913719,-0.0108724113180481,-0.0615675079252727,-0.0506950966072246
"WST",10,"kappa_0.3","app_sparse_hetero",7,"WST_heteroSparse",2.96291897812002,"BALANCED",2269,58,68,0,0,0,8,2,FALSE,-0.31363638556831,0.0942921362895815,-0.316295936171846,0.235258328285332,-0.270026226037684,0.171111832179661,0.00265955060353651,-0.0436101595306253,-0.0462697101341618
"WST",10,"kappa_0.3","app_sparse_hetero",7,"WST_heteroSparse",2.96291897812002,"BALANCED",2270,59,68,0,0,0,10,2,FALSE,-0.433273921386893,-0.0522922721012368,-0.381678197515231,0.140802010913406,-0.360333102894158,-0.0186173935007795,-0.051595723871662,-0.0729408184927349,-0.0213450946210729
"WST",10,"kappa_0.3","app_sparse_hetero",7,"WST_heteroSparse",2.96291897812002,"BALANCED",2271,60,68,0,0,0,5,2,FALSE,-0.207109230397547,0.161601821287397,-0.184482354441969,0.141653883306173,-0.237393911869425,0.226774819279624,-0.0226268759555781,0.030284681471878,0.0529115574274561
"WST",10,"kappa_0.3","app_sparse_hetero",7,"WST_heteroSparse",2.96291897812002,"BALANCED",2272,61,68,0,0,0,1,2,FALSE,-0.236571383705349,0.28437749351792,-0.194652643345369,-0.00167974041634072,-0.205324932114876,0.269557719350343,-0.0419187403599803,-0.0312464515904729,0.0106722887695074
"WST",10,"kappa_0.3","app_sparse_hetero",7,"WST_heteroSparse",2.96291897812002,"BALANCED",2273,62,68,0,0,0,6,2,FALSE,-0.190792875891862,0.256825743434992,-0.199585543846021,0.011600347481821,-0.217487968348183,0.226091340654543,0.00879266795415923,0.026695092456321,0.0179024245021617
"WST",10,"kappa_0.3","app_sparse_hetero",7,"WST_heteroSparse",2.96291897812002,"BALANCED",2274,63,68,0,1,1,4,2,FALSE,-2.53395902624061,0.362389206154335,-2.78897967548278,0.378678489907812,-2.95024780551243,0.0425263924619416,0.25502064924217,0.416288779271819,0.161268130029649
"WST",10,"kappa_0.3","app_sparse_hetero",7,"WST_heteroSparse",2.96291897812002,"BALANCED",2275,64,68,0,0,0,9,2,FALSE,-0.204210582683623,-0.0702069262991441,-0.185654435120954,0.134456857702438,-0.194835222831397,0.450667112778923,-0.018556147562669,-0.00937535985222571,0.00918078771044328
"WST",10,"kappa_0.3","app_sparse_hetero",7,"WST_heteroSparse",2.96291897812002,"BALANCED",2276,65,68,0,0,0,3,2,FALSE,-0.245124999503993,0.216323916825301,-0.23313197068958,0.125848689605408,-0.229840022381985,0.34525628019576,-0.0119930288144134,-0.0152849771220076,-0.00329194830759416
"WST",10,"kappa_0.3","app_sparse_hetero",7,"WST_heteroSparse",2.96291897812002,"BALANCED",2277,66,68,0,0,0,5,2,FALSE,-0.372305687533277,0.226728609261488,-0.389879327568346,0.00418921190607372,-0.382829003082075,0.231476875567028,0.017573640035069,0.0105233155487978,-0.00705032448627119
"WST",10,"kappa_0.3","app_sparse_hetero",7,"WST_heteroSparse",2.96291897812002,"BALANCED",2278,67,68,0,1,1,3,2,FALSE,-2.12784934926542,0.14767608142559,-2.23286053419254,0.146392964111239,-2.35168097885516,0.19523469255954,0.105011184927126,0.223831629589737,0.118820444662611
"WST",10,"kappa_0.3","app_sparse_hetero",7,"WST_heteroSparse",2.96291897812002,"BALANCED",2279,1,69,0,0,0,2,2,TRUE,-0.258438378811237,0.315919713969047,-0.257718704629328,0.0813080967959104,-0.260604263998815,0.192021950108719,-0.000719674181908658,0.0021658851875781,0.00288555936948676
"WST",10,"kappa_0.3","app_sparse_hetero",7,"WST_heteroSparse",2.96291897812002,"BALANCED",2280,2,69,0,0,0,9,2,FALSE,-0.384975983308301,0.12410317528741,-0.423274218079759,0.391742047691776,-0.523807687682983,0.178511831448719,0.0382982347714576,0.138831704374682,0.100533469603224
"WST",10,"kappa_0.3","app_sparse_hetero",7,"WST_heteroSparse",2.96291897812002,"BALANCED",2281,3,69,0,0,0,1,2,FALSE,-0.290708549612742,0.221203016533995,-0.290252704346818,0.30476040494849,-0.289101816936615,-0.051876980948807,-0.000455845265924459,-0.00160673267612754,-0.00115088741020308
"WST",10,"kappa_0.3","app_sparse_hetero",7,"WST_heteroSparse",2.96291897812002,"BALANCED",2282,4,69,0,0,0,8,2,FALSE,-0.48019308440752,0.0845329894012408,-0.539707680245767,0.285180223284384,-0.443555502768954,-0.0479360698304978,0.0595145958382473,-0.0366375816385665,-0.0961521774768137
"WST",10,"kappa_0.3","app_sparse_hetero",7,"WST_heteroSparse",2.96291897812002,"BALANCED",2283,5,69,0,0,0,7,2,FALSE,-0.470475709077758,0.0717815043298667,-0.522270772504538,0.193164601721859,-0.488659437381695,0.266619625013282,0.0517950634267805,0.0181837283039377,-0.0336113351228429
"WST",10,"kappa_0.3","app_sparse_hetero",7,"WST_heteroSparse",2.96291897812002,"BALANCED",2284,6,69,0,0,0,4,2,FALSE,-0.890125705262872,-0.0492815210395218,-0.904618132278683,-0.0353420864374,-0.887384834821832,0.223418152292082,0.0144924270158109,-0.00274087044104032,-0.0172332974568512
"WST",10,"kappa_0.3","app_sparse_hetero",7,"WST_heteroSparse",2.96291897812002,"BALANCED",2285,7,69,0,0,0,6,2,FALSE,-0.348239138354682,0.26573605028615,-0.328516250267291,0.00118087974359706,-0.451097353030629,-0.033414300041963,-0.019722888087391,0.102858214675947,0.122581102763338
"WST",10,"kappa_0.3","app_sparse_hetero",7,"WST_heteroSparse",2.96291897812002,"BALANCED",2286,8,69,0,0,0,9,2,FALSE,-0.247173918996594,0.180155895007828,-0.269652316374744,-0.167428611604531,-0.328042361966657,0.314239943943145,0.0224783973781504,0.080868442970063,0.0583900455919126
"WST",10,"kappa_0.3","app_sparse_hetero",7,"WST_heteroSparse",2.96291897812002,"BALANCED",2287,9,69,0,1,1,3,2,FALSE,-2.33881289612128,0.313927643364418,-2.38273703417039,0.700730873346666,-2.3274275495903,0.0835466624607103,0.0439241380491149,-0.0113853465309797,-0.0553094845800945
"WST",10,"kappa_0.3","app_sparse_hetero",7,"WST_heteroSparse",2.96291897812002,"BALANCED",2288,10,69,0,0,0,3,2,FALSE,-0.289302124237656,0.356495947951012,-0.290512492618681,0.155206692282866,-0.293306529532777,-0.0752928868286924,0.00121036838102473,0.00400440529512114,0.00279403691409641
"WST",10,"kappa_0.3","app_sparse_hetero",7,"WST_heteroSparse",2.96291897812002,"BALANCED",2289,11,69,0,0,0,9,2,FALSE,-0.319462129976418,0.180840234639785,-0.359847606234802,0.057876528504763,-0.436988772957065,0.0222962639255025,0.0403854762583844,0.117526642980647,0.0771411667222628
"WST",10,"kappa_0.3","app_sparse_hetero",7,"WST_heteroSparse",2.96291897812002,"BALANCED",2290,12,69,0,0,0,6,2,FALSE,-0.430671986124106,0.0583515908184126,-0.463189435401998,0.191544681793657,-0.434924496608589,0.306917743815944,0.0325174492778917,0.00425251048448327,-0.0282649387934084
"WST",10,"kappa_0.3","app_sparse_hetero",7,"WST_heteroSparse",2.96291897812002,"BALANCED",2291,13,69,0,0,0,7,2,FALSE,-0.427838938295781,-0.0319464519076746,-0.470869123780504,0.0928625079356295,-0.402650016910292,0.0964938865520019,0.0430301854847226,-0.0251889213854888,-0.0682191068702114
"WST",10,"kappa_0.3","app_sparse_hetero",7,"WST_heteroSparse",2.96291897812002,"BALANCED",2292,14,69,0,0,0,1,2,FALSE,-0.349877722857259,0.342851117519161,-0.32565728874358,0.116388311353444,-0.350781177892681,-0.0277736698481745,-0.0242204341136789,0.000903455035421885,0.0251238891491008
"WST",10,"kappa_0.3","app_sparse_hetero",7,"WST_heteroSparse",2.96291897812002,"BALANCED",2293,15,69,0,1,1,5,2,FALSE,-1.25265101144077,0.337598168556394,-1.2396454575125,0.221036631993727,-1.24336549629792,0.19978498740977,-0.0130055539282719,-0.00928551514285392,0.00372003878541793
"WST",10,"kappa_0.3","app_sparse_hetero",7,"WST_heteroSparse",2.96291897812002,"BALANCED",2294,16,69,0,1,1,10,2,FALSE,-1.22384113319219,0.139825190803003,-1.19637506411367,0.212588220396535,-1.34576886943446,0.0513221802621529,-0.0274660690785167,0.121927736242275,0.149393805320791
"WST",10,"kappa_0.3","app_sparse_hetero",7,"WST_heteroSparse",2.96291897812002,"BALANCED",2295,17,69,0,0,0,5,2,FALSE,-0.691581620428427,-0.0378157765754029,-0.721946617088552,0.389811640267791,-0.706062801078514,0.125423990334374,0.0303649966601247,0.0144811806500869,-0.0158838160100379
"WST",10,"kappa_0.3","app_sparse_hetero",7,"WST_heteroSparse",2.96291897812002,"BALANCED",2296,18,69,0,0,0,9,2,FALSE,-0.271534876856253,0.372891414161746,-0.299595844144596,0.0616802631202901,-0.376816876961986,0.256657856753224,0.0280609672883427,0.105282000105732,0.0772210328173895
"WST",10,"kappa_0.3","app_sparse_hetero",7,"WST_heteroSparse",2.96291897812002,"BALANCED",2297,19,69,1,0,1,8,2,FALSE,-4.10902694674002,0.385974673216716,-4.4100649480394,0.34792939775131,-4.17304947558039,0.54339228144366,0.301038001299375,0.064022528840364,-0.237015472459011
"WST",10,"kappa_0.3","app_sparse_hetero",7,"WST_heteroSparse",2.96291897812002,"BALANCED",2298,20,69,2,0,2,1,2,FALSE,-3.79719477669729,0.466516204726817,-3.67014040197379,0.249610391240188,-3.49803591070233,0.37843084446349,-0.127054374723504,-0.299158865994965,-0.172104491271461
"WST",10,"kappa_0.3","app_sparse_hetero",7,"WST_heteroSparse",2.96291897812002,"BALANCED",2299,21,69,0,0,0,1,2,FALSE,-0.343087514366748,0.364505859182648,-0.343941320911661,0.0570241981603212,-0.381208715236704,-0.0175102537963005,0.00085380654491285,0.0381212008699556,0.0372673943250428
"WST",10,"kappa_0.3","app_sparse_hetero",7,"WST_heteroSparse",2.96291897812002,"BALANCED",2300,22,69,0,0,0,7,2,FALSE,-0.313121055382212,0.109187600556432,-0.291344202773627,0.0913406888494252,-0.374794308273305,-0.19347819704274,-0.0217768526085855,0.0616732528910928,0.0834501054996784
"WST",10,"kappa_0.3","app_sparse_hetero",7,"WST_heteroSparse",2.96291897812002,"BALANCED",2301,23,69,0,2,2,5,2,FALSE,-2.73800457673882,0.334132387083669,-2.66534705986334,0.211451199635015,-2.65761140837917,0.203460979782603,-0.0726575168754815,-0.0803931683596462,-0.00773565148416466
"WST",10,"kappa_0.3","app_sparse_hetero",7,"WST_heteroSparse",2.96291897812002,"BALANCED",2302,24,69,0,0,0,1,2,FALSE,-0.426609278559253,0.355279773292092,-0.403394588894678,0.310565797816882,-0.44094910836265,0.286321139151456,-0.0232146896645746,0.0143398298033972,0.0375545194679718
"WST",10,"kappa_0.3","app_sparse_hetero",7,"WST_heteroSparse",2.96291897812002,"BALANCED",2303,25,69,0,0,0,10,2,FALSE,-0.381985262890565,0.233788544497893,-0.393777364054416,0.175570122551715,-0.301556388895141,-0.192236513604097,0.0117921011638513,-0.080428873995424,-0.0922209751592753
"WST",10,"kappa_0.3","app_sparse_hetero",7,"WST_heteroSparse",2.96291897812002,"BALANCED",2304,26,69,1,0,1,2,2,TRUE,-2.12162200124935,0.163357561077022,-2.16797875861406,0.399579888708095,-2.2396149830961,-0.0746476144023784,0.0463567573647072,0.117992981846753,0.0716362244820461
"WST",10,"kappa_0.3","app_sparse_hetero",7,"WST_heteroSparse",2.96291897812002,"BALANCED",2305,27,69,0,0,0,2,2,TRUE,-0.240476810499755,0.0931945583326616,-0.229970380509586,0.158733991027602,-0.215330740438824,0.178971608224675,-0.0105064299901683,-0.0251460700609307,-0.0146396400707625
"WST",10,"kappa_0.3","app_sparse_hetero",7,"WST_heteroSparse",2.96291897812002,"BALANCED",2306,28,69,0,0,0,6,2,FALSE,-0.319548525919803,0.136369869628198,-0.309219658835394,0.215440920170715,-0.406737616485557,0.0231549692737577,-0.0103288670844091,0.0871890905657544,0.0975179576501635
"WST",10,"kappa_0.3","app_sparse_hetero",7,"WST_heteroSparse",2.96291897812002,"BALANCED",2307,29,69,0,1,1,7,2,FALSE,-1.66097776272557,0.205734135344774,-1.6068458278772,0.227039725979753,-1.46843944699768,0.102738052413332,-0.0541319348483693,-0.192538315727886,-0.138406380879517
"WST",10,"kappa_0.3","app_sparse_hetero",7,"WST_heteroSparse",2.96291897812002,"BALANCED",2308,30,69,0,0,0,8,2,FALSE,-0.29178543218932,0.132733041551751,-0.325044598439913,0.210751834789257,-0.38800990542513,0.0486462037425013,0.033259166250593,0.09622447323581,0.062965306985217
"WST",10,"kappa_0.3","app_sparse_hetero",7,"WST_heteroSparse",2.96291897812002,"BALANCED",2309,31,69,1,0,1,7,2,FALSE,-3.83515417602328,0.378515234241419,-4.23054490079996,0.136490132010978,-4.09229714794865,0.19108782012758,0.39539072477668,0.257142971925366,-0.138247752851314
"WST",10,"kappa_0.3","app_sparse_hetero",7,"WST_heteroSparse",2.96291897812002,"BALANCED",2310,32,69,0,1,1,4,2,FALSE,-1.18765984728479,0.225844115301134,-1.18473174024688,0.276755320743737,-1.18831732423673,0.750492617323163,-0.0029281070379028,0.00065747695194851,0.00358558398985132
"WST",10,"kappa_0.3","app_sparse_hetero",7,"WST_heteroSparse",2.96291897812002,"BALANCED",2311,33,69,0,0,0,4,2,FALSE,-0.723585848926389,0.159208347036944,-0.722206109691755,0.220483278667793,-0.708663270037252,0.257176081859209,-0.00137973923463353,-0.014922578889137,-0.0135428396545034
"WST",10,"kappa_0.3","app_sparse_hetero",7,"WST_heteroSparse",2.96291897812002,"BALANCED",2312,34,69,0,0,0,6,2,FALSE,-0.345526962520079,0.0132857903514785,-0.308030155126214,0.272446549397538,-0.412502622174832,0.0189443686919227,-0.0374968073938655,0.0669756596547524,0.104472467048618
"WST",10,"kappa_0.3","app_sparse_hetero",7,"WST_heteroSparse",2.96291897812002,"BALANCED",2313,35,69,0,0,0,3,2,FALSE,-0.334237931490883,0.0194844054522754,-0.339673003755427,0.235735228274843,-0.333306792814657,0.394328608701708,0.00543507226454398,-0.000931138676225629,-0.00636621094076961
"WST",10,"kappa_0.3","app_sparse_hetero",7,"WST_heteroSparse",2.96291897812002,"BALANCED",2314,36,69,0,1,1,5,2,FALSE,-1.45278861773909,0.261268726027334,-1.45979085777799,0.328228618943419,-1.43159801390178,-0.0645927687134242,0.00700224003890693,-0.0211906038373071,-0.028192843876214
"WST",10,"kappa_0.3","app_sparse_hetero",7,"WST_heteroSparse",2.96291897812002,"BALANCED",2315,37,69,0,0,0,7,2,FALSE,-0.319666093500727,0.196849385319988,-0.306278742866956,0.103743523364586,-0.412187083234642,0.00413276136202984,-0.0133873506337707,0.0925209897339148,0.105908340367685
"WST",10,"kappa_0.3","app_sparse_hetero",7,"WST_heteroSparse",2.96291897812002,"BALANCED",2316,38,69,0,0,0,9,2,FALSE,-0.265662178562897,0.0365590727704266,-0.314662885771665,0.0557848530948127,-0.373072673084329,0.0960432164735786,0.0490007072087684,0.107410494521432,0.0584097873126641
"WST",10,"kappa_0.3","app_sparse_hetero",7,"WST_heteroSparse",2.96291897812002,"BALANCED",2317,39,69,0,0,0,8,2,FALSE,-0.334083635696276,0.121066408735799,-0.326906941855934,0.118653261224268,-0.297578360918979,0.464423441312909,-0.00717669384034192,-0.0365052747772969,-0.029328580936955
"WST",10,"kappa_0.3","app_sparse_hetero",7,"WST_heteroSparse",2.96291897812002,"BALANCED",2318,40,69,0,0,0,10,2,FALSE,-0.734328023282638,0.300345699034702,-0.671322978937951,0.0681057338186956,-0.5466276199414,0.148282263272079,-0.0630050443446866,-0.187700403341238,-0.124695358996552
"WST",10,"kappa_0.3","app_sparse_hetero",7,"WST_heteroSparse",2.96291897812002,"BALANCED",2319,41,69,0,2,2,6,2,FALSE,-3.74635493496857,0.419082037220847,-3.72490810523282,0.365477341039788,-3.14391693907537,0.307936899403127,-0.021446829735754,-0.602437995893201,-0.580991166157447
"WST",10,"kappa_0.3","app_sparse_hetero",7,"WST_heteroSparse",2.96291897812002,"BALANCED",2320,42,69,0,0,0,1,2,FALSE,-0.392997449745566,0.450054529690965,-0.387506032504557,0.131132422089696,-0.416639605924295,0.102363225208199,-0.00549141724100988,0.0236421561787283,0.0291335734197382
"WST",10,"kappa_0.3","app_sparse_hetero",7,"WST_heteroSparse",2.96291897812002,"BALANCED",2321,43,69,0,0,0,4,2,FALSE,-0.651381647392382,0.0473373766751247,-0.651581254425146,0.115392042364088,-0.636721222710856,0.00103636723256044,0.000199607032763893,-0.0146604246815265,-0.0148600317142904
"WST",10,"kappa_0.3","app_sparse_hetero",7,"WST_heteroSparse",2.96291897812002,"BALANCED",2322,44,69,0,2,2,9,2,FALSE,-4.13512926502318,0.311819274779101,-3.29001663817378,0.432721610921796,-2.92110711548287,0.057527666284624,-0.845112626849398,-1.21402214954031,-0.368909522690917
"WST",10,"kappa_0.3","app_sparse_hetero",7,"WST_heteroSparse",2.96291897812002,"BALANCED",2323,45,69,0,0,0,2,2,TRUE,-0.426970865319309,0.104817604458279,-0.428764649530603,0.0832646490877441,-0.412557073598576,-0.158429596337857,0.00179378421129339,-0.0144137917207336,-0.016207575932027
"WST",10,"kappa_0.3","app_sparse_hetero",7,"WST_heteroSparse",2.96291897812002,"BALANCED",2324,46,69,0,1,1,6,2,FALSE,-1.58355076916022,0.341408033111127,-1.55323399574411,0.15898482903001,-1.53354764185514,0.169261460201452,-0.0303167734161116,-0.0500031273050796,-0.019686353888968
"WST",10,"kappa_0.3","app_sparse_hetero",7,"WST_heteroSparse",2.96291897812002,"BALANCED",2325,47,69,0,0,0,10,2,FALSE,-0.421055318360604,0.21082622982451,-0.383320626387015,0.104263565480615,-0.312112261128293,0.244807406015234,-0.037734691973589,-0.10894305723231,-0.0712083652587214
"WST",10,"kappa_0.3","app_sparse_hetero",7,"WST_heteroSparse",2.96291897812002,"BALANCED",2326,48,69,0,0,0,4,2,FALSE,-0.757674690268854,-0.021084335124505,-0.757969737224956,0.147908270263647,-0.751609479540813,0.256761388530359,0.000295046956101608,-0.00606521072804167,-0.00636025768414328
"WST",10,"kappa_0.3","app_sparse_hetero",7,"WST_heteroSparse",2.96291897812002,"BALANCED",2327,49,69,0,0,0,10,2,FALSE,-0.538931361316672,0.0753746667976732,-0.53908566068874,0.223090425382923,-0.418098438251713,0.133542424387034,0.000154299372068678,-0.120832923064959,-0.120987222437027
"WST",10,"kappa_0.3","app_sparse_hetero",7,"WST_heteroSparse",2.96291897812002,"BALANCED",2328,50,69,0,1,1,8,2,FALSE,-1.29115979168572,0.299827135119677,-1.23612417729824,0.288352009694492,-1.35903967155485,0.118434682387465,-0.0550356143874788,0.0678798798691274,0.122915494256606
"WST",10,"kappa_0.3","app_sparse_hetero",7,"WST_heteroSparse",2.96291897812002,"BALANCED",2329,51,69,0,1,1,7,2,FALSE,-1.3394474326644,0.370189064192153,-1.28269553531952,0.47965092716976,-1.2652209172244,0.0359297509863437,-0.0567518973448786,-0.074226515440003,-0.0174746180951244
"WST",10,"kappa_0.3","app_sparse_hetero",7,"WST_heteroSparse",2.96291897812002,"BALANCED",2330,52,69,0,1,1,10,2,FALSE,-1.30599004106708,0.21281795302075,-1.35118186746782,0.234797564549256,-1.45673360748168,0.0791432478227829,0.0451918264007336,0.150743566414595,0.105551740013861
"WST",10,"kappa_0.3","app_sparse_hetero",7,"WST_heteroSparse",2.96291897812002,"BALANCED",2331,53,69,0,0,0,3,2,FALSE,-0.189803017431016,0.310524168780611,-0.179961176581598,0.206417264570399,-0.180182621257657,0.288446766452973,-0.0098418408494183,-0.00962039617335897,0.000221444676059335
"WST",10,"kappa_0.3","app_sparse_hetero",7,"WST_heteroSparse",2.96291897812002,"BALANCED",2332,54,69,0,1,1,5,2,FALSE,-1.25094663055612,0.276880367964921,-1.22296142612218,0.115925209171562,-1.20512613727197,0.113070190850453,-0.0279852044339393,-0.0458204932841459,-0.0178352888502067
"WST",10,"kappa_0.3","app_sparse_hetero",7,"WST_heteroSparse",2.96291897812002,"BALANCED",2333,55,69,0,1,1,8,2,FALSE,-1.20664939873001,0.276848993166034,-1.15228508055677,0.211816829627414,-1.20814309445733,0.0627017398251205,-0.0543643181732376,0.00149369572731572,0.0558580139005533
"WST",10,"kappa_0.3","app_sparse_hetero",7,"WST_heteroSparse",2.96291897812002,"BALANCED",2334,56,69,0,0,0,3,2,FALSE,-0.418168852263671,0.383866949858384,-0.423899449660736,0.220866406304889,-0.423242416059927,-0.0552657697768698,0.00573059739706494,0.00507356379625623,-0.00065703360080871
"WST",10,"kappa_0.3","app_sparse_hetero",7,"WST_heteroSparse",2.96291897812002,"BALANCED",2335,57,69,0,0,0,2,2,TRUE,-0.318427210761757,0.173900131068155,-0.308187835545881,0.0104948373411491,-0.281398377510798,0.000438578665955605,-0.0102393752158765,-0.0370288332509592,-0.0267894580350827
"WST",10,"kappa_0.3","app_sparse_hetero",7,"WST_heteroSparse",2.96291897812002,"BALANCED",2336,58,69,0,2,2,8,2,FALSE,-3.01833071493241,0.15452021160114,-3.10527240105345,0.189181202685478,-3.28035769638413,0.137303673691197,0.0869416861210413,0.262026981451717,0.175085295330676
"WST",10,"kappa_0.3","app_sparse_hetero",7,"WST_heteroSparse",2.96291897812002,"BALANCED",2337,59,69,0,0,0,10,2,FALSE,-0.710672771138606,0.183745197300863,-0.575128791655323,0.205993882798781,-0.5456475443532,0.0326899222629546,-0.135543979483283,-0.165025226785406,-0.0294812473021233
"WST",10,"kappa_0.3","app_sparse_hetero",7,"WST_heteroSparse",2.96291897812002,"BALANCED",2338,60,69,0,0,0,5,2,FALSE,-0.331958076438476,0.22234681470398,-0.278440440939698,0.343287130672068,-0.360197991738053,0.102076681695068,-0.0535176354987783,0.0282399152995767,0.081757550798355
"WST",10,"kappa_0.3","app_sparse_hetero",7,"WST_heteroSparse",2.96291897812002,"BALANCED",2339,61,69,0,0,0,1,2,FALSE,-0.30468184499802,0.242953375939011,-0.279692026501833,0.108181012221062,-0.309332350892264,0.376496652331515,-0.024989818496187,0.00465050589424365,0.0296403243904306
"WST",10,"kappa_0.3","app_sparse_hetero",7,"WST_heteroSparse",2.96291897812002,"BALANCED",2340,62,69,0,0,0,6,2,FALSE,-0.281766580287219,0.113044871980582,-0.305614065196385,0.269819302017554,-0.322750580252143,0.392070114724296,0.0238474849091661,0.040983999964924,0.0171365150557579
"WST",10,"kappa_0.3","app_sparse_hetero",7,"WST_heteroSparse",2.96291897812002,"BALANCED",2341,63,69,0,0,0,4,2,FALSE,-0.31629577273215,0.0689751904761639,-0.251844510920678,0.245940485257091,-0.222501081081817,0.562640012096828,-0.064451261811473,-0.0937946916503334,-0.0293434298388604
"WST",10,"kappa_0.3","app_sparse_hetero",7,"WST_heteroSparse",2.96291897812002,"BALANCED",2342,64,69,0,2,2,9,2,FALSE,-3.9993993339261,0.553978447249143,-4.10045562576816,0.180271318019992,-3.86720603942147,0.343154370233235,0.101056291842059,-0.132193294504632,-0.233249586346691
"WST",10,"kappa_0.3","app_sparse_hetero",7,"WST_heteroSparse",2.96291897812002,"BALANCED",2343,65,69,0,0,0,3,2,FALSE,-0.331588924302351,0.221152659726624,-0.329001537915655,0.19843047730803,-0.337981330508806,0.000117466521450366,-0.00258738638669609,0.00639240620645509,0.00897979259315118
"WST",10,"kappa_0.3","app_sparse_hetero",7,"WST_heteroSparse",2.96291897812002,"BALANCED",2344,66,69,0,2,2,5,2,FALSE,-2.74398376950236,0.172822576977201,-2.69908799248018,0.246746071571826,-2.72454733879878,0.210456574975385,-0.0448957770221794,-0.0194364307035801,0.0254593463185993
"WST",10,"kappa_0.3","app_sparse_hetero",7,"WST_heteroSparse",2.96291897812002,"BALANCED",2345,67,69,0,0,0,3,2,FALSE,-0.423062591617678,0.23923718759157,-0.432836299224791,0.10193377671907,-0.409144688702518,0.224757591739997,0.00977370760711249,-0.0139179029151606,-0.0236916105222731
"WST",10,"kappa_0.3","app_sparse_hetero",7,"WST_heteroSparse",2.96291897812002,"BALANCED",2346,68,69,0,0,0,2,2,TRUE,-0.26169728590368,0.276920525192072,-0.247187270957167,0.276517562072843,-0.230271448670453,0.34287476988946,-0.0145100149465129,-0.0314258372332272,-0.0169158222867143
"WST",10,"kappa_0.3","app_sparse_hetero",7,"WST_heteroSparse",2.96291897812002,"BALANCED",2347,1,70,0,0,0,2,4,FALSE,-0.400497200130988,0.249323216110271,-0.351253240996157,-0.0309141100189877,-0.450517156537097,0.0531876346058802,-0.0492439591348308,0.0500199564061088,0.0992639155409396
"WST",10,"kappa_0.3","app_sparse_hetero",7,"WST_heteroSparse",2.96291897812002,"BALANCED",2348,2,70,0,0,0,9,4,FALSE,-0.246721829139413,0.280713170346262,-0.278246678030304,0.213741389883222,-0.432228890828373,0.249930717001891,0.031524848890891,0.18550706168896,0.153982212798069
"WST",10,"kappa_0.3","app_sparse_hetero",7,"WST_heteroSparse",2.96291897812002,"BALANCED",2349,3,70,0,0,0,1,4,FALSE,-0.243780116662916,0.0944044922646239,-0.173131188958501,0.368740882758198,-0.321811665238737,0.0209560110444208,-0.0706489277044149,0.0780315485758214,0.148680476280236
"WST",10,"kappa_0.3","app_sparse_hetero",7,"WST_heteroSparse",2.96291897812002,"BALANCED",2350,4,70,0,1,1,8,4,FALSE,-1.49744926102345,0.279415393545543,-1.43607472858971,0.144746412037709,-1.39012581450165,0.450030434897375,-0.0613745324337387,-0.107323446521796,-0.0459489140880569
"WST",10,"kappa_0.3","app_sparse_hetero",7,"WST_heteroSparse",2.96291897812002,"BALANCED",2351,5,70,0,0,0,7,4,FALSE,-0.485723632670143,0.211685868825874,-0.507163061301625,0.0354190202099874,-0.549636038088654,0.166731253217981,0.0214394286314823,0.0639124054185114,0.0424729767870291
"WST",10,"kappa_0.3","app_sparse_hetero",7,"WST_heteroSparse",2.96291897812002,"BALANCED",2352,6,70,0,0,0,4,4,TRUE,-0.325156592366055,0.190366163630402,-0.333912801356406,0.526618892823908,-0.315702711386839,0.214304308002355,0.00875620899035123,-0.00945388097921551,-0.0182100899695667
"WST",10,"kappa_0.3","app_sparse_hetero",7,"WST_heteroSparse",2.96291897812002,"BALANCED",2353,7,70,0,0,0,6,4,FALSE,-0.570583156721407,0.314213685739425,-0.558891089254822,0.536702731872011,-0.519118232811664,0.18481861513508,-0.0116920674665852,-0.0514649239097436,-0.0397728564431583
"WST",10,"kappa_0.3","app_sparse_hetero",7,"WST_heteroSparse",2.96291897812002,"BALANCED",2354,8,70,0,0,0,9,4,FALSE,-0.156368604249502,0.303583725351603,-0.174061691324955,0.00322726781490043,-0.275641598273234,0.483625134788879,0.017693087075453,0.119272994023732,0.101579906948279
"WST",10,"kappa_0.3","app_sparse_hetero",7,"WST_heteroSparse",2.96291897812002,"BALANCED",2355,9,70,0,0,0,3,4,FALSE,-0.830050049675544,0.1677072468707,-0.820385808033997,0.109003056116989,-0.795403870770862,-0.0129889186889068,-0.00966424164154667,-0.0346461789046817,-0.024981937263135
"WST",10,"kappa_0.3","app_sparse_hetero",7,"WST_heteroSparse",2.96291897812002,"BALANCED",2356,10,70,2,0,2,3,4,FALSE,-2.14510206860782,0.0060788225764645,-2.18709456820943,0.0461054175964799,-2.18083361234276,0.120119602332592,0.0419924996016086,0.0357315437349426,-0.00626095586666597
"WST",10,"kappa_0.3","app_sparse_hetero",7,"WST_heteroSparse",2.96291897812002,"BALANCED",2357,11,70,0,1,1,9,4,FALSE,-2.08669485393936,0.475795038873879,-1.92885887708575,0.431943149563679,-1.49889055686009,0.180351799384133,-0.157835976853611,-0.587804297079273,-0.429968320225662
"WST",10,"kappa_0.3","app_sparse_hetero",7,"WST_heteroSparse",2.96291897812002,"BALANCED",2358,12,70,0,1,1,6,4,FALSE,-1.90629137378405,0.133341739249044,-1.70400023334259,0.197032756851845,-1.75160850070028,0.0893128814352855,-0.202291140441462,-0.154682873083772,0.0476082673576901
"WST",10,"kappa_0.3","app_sparse_hetero",7,"WST_heteroSparse",2.96291897812002,"BALANCED",2359,13,70,0,0,0,7,4,FALSE,-0.408575933685169,0.0319749116605042,-0.436761880574881,0.248206475142067,-0.449679363807063,0.101223287103853,0.0281859468897121,0.0411034301218942,0.0129174832321821
"WST",10,"kappa_0.3","app_sparse_hetero",7,"WST_heteroSparse",2.96291897812002,"BALANCED",2360,14,70,0,0,0,1,4,FALSE,-0.208817647668798,0.33693204406848,-0.172900020455739,0.275629694107408,-0.1880814531675,0.272992827258219,-0.0359176272130588,-0.0207361945012972,0.0151814327117616
"WST",10,"kappa_0.3","app_sparse_hetero",7,"WST_heteroSparse",2.96291897812002,"BALANCED",2361,15,70,0,0,0,5,4,FALSE,-0.22733654993589,0.135164832344906,-0.233811989969823,0.412164629877739,-0.229663541947138,0.234111652845234,0.00647544003393286,0.00232699201124831,-0.00414844802268455
"WST",10,"kappa_0.3","app_sparse_hetero",7,"WST_heteroSparse",2.96291897812002,"BALANCED",2362,16,70,0,1,1,10,4,FALSE,-1.24440977650765,0.321063792211844,-1.26947629604678,0.214536249671513,-1.44476454481024,0.10892061494523,0.0250665195391351,0.200354768302589,0.175288248763454
"WST",10,"kappa_0.3","app_sparse_hetero",7,"WST_heteroSparse",2.96291897812002,"BALANCED",2363,17,70,0,0,0,5,4,FALSE,-0.269695617790748,0.0321084898834162,-0.27001704921611,0.404529098291465,-0.257236015984832,0.303543972285598,0.000321431425362562,-0.012459601805916,-0.0127810332312785
"WST",10,"kappa_0.3","app_sparse_hetero",7,"WST_heteroSparse",2.96291897812002,"BALANCED",2364,18,70,0,0,0,9,4,FALSE,-0.173081049632287,0.230542005362735,-0.196231596512066,0.0354172131154197,-0.309901041373647,-0.107668785527808,0.0231505468797781,0.136819991741359,0.113669444861581
"WST",10,"kappa_0.3","app_sparse_hetero",7,"WST_heteroSparse",2.96291897812002,"BALANCED",2365,19,70,1,0,1,8,4,FALSE,-4.1369877182742,0.322489426637276,-4.02470787871001,0.569566894345754,-4.16059959257323,0.1812528872833,-0.112279839564191,0.0236118742990241,0.135891713863215
"WST",10,"kappa_0.3","app_sparse_hetero",7,"WST_heteroSparse",2.96291897812002,"BALANCED",2366,20,70,0,0,0,1,4,FALSE,-0.251246876582423,0.162228686302262,-0.187946539790338,0.16018825004688,-0.209253308503973,0.223883210387902,-0.0633003367920848,-0.0419935680784498,0.021306768713635
"WST",10,"kappa_0.3","app_sparse_hetero",7,"WST_heteroSparse",2.96291897812002,"BALANCED",2367,21,70,0,0,0,1,4,FALSE,-0.32160263004281,0.107361508770134,-0.256308591969261,-0.00574397911604042,-0.237325506082084,0.567182464769636,-0.0652940380735494,-0.0842771239607263,-0.0189830858871769
"WST",10,"kappa_0.3","app_sparse_hetero",7,"WST_heteroSparse",2.96291897812002,"BALANCED",2368,22,70,0,0,0,7,4,FALSE,-0.400355461385128,0.165855767357752,-0.457605089205992,0.16814337886791,-0.421712744364076,0.18552487034071,0.0572496278208643,0.0213572829789479,-0.0358923448419164
"WST",10,"kappa_0.3","app_sparse_hetero",7,"WST_heteroSparse",2.96291897812002,"BALANCED",2369,23,70,0,0,0,5,4,FALSE,-0.229283734111497,0.305666056716332,-0.214311860994009,0.237225477161971,-0.214520854507698,0.252975816172483,-0.0149718731174886,-0.0147628796037997,0.00020899351368886
"WST",10,"kappa_0.3","app_sparse_hetero",7,"WST_heteroSparse",2.96291897812002,"BALANCED",2370,24,70,1,0,1,1,4,FALSE,-2.19072364367244,0.359130255863719,-2.01659399315897,0.324797081398761,-2.33369505173695,0.334263193902473,-0.174129650513468,0.14297140806451,0.317101058577978
"WST",10,"kappa_0.3","app_sparse_hetero",7,"WST_heteroSparse",2.96291897812002,"BALANCED",2371,25,70,0,0,0,10,4,FALSE,-0.361222542243414,0.0558347222411016,-0.347643501894469,-0.0912582809633266,-0.306972777663783,-0.136808472210601,-0.0135790403489455,-0.0542497645796312,-0.0406707242306856
"WST",10,"kappa_0.3","app_sparse_hetero",7,"WST_heteroSparse",2.96291897812002,"BALANCED",2372,26,70,1,0,1,2,4,FALSE,-1.19490767014343,-0.0332630487369151,-1.12413302434372,0.294062093709664,-1.10751725194817,0.334702482803144,-0.070774645799708,-0.0873904181952554,-0.0166157723955473
"WST",10,"kappa_0.3","app_sparse_hetero",7,"WST_heteroSparse",2.96291897812002,"BALANCED",2373,27,70,0,0,0,2,4,FALSE,-0.562226866987233,0.0656534818972834,-0.6012620449079,0.344341817261862,-0.59729628515827,0.338722658399371,0.0390351779206668,0.0350694181710365,-0.00396575974963032
"WST",10,"kappa_0.3","app_sparse_hetero",7,"WST_heteroSparse",2.96291897812002,"BALANCED",2374,28,70,0,3,3,6,4,FALSE,-5.69061234394794,0.564901257073184,-5.39117875717432,0.804660790913574,-5.57481776836785,0.88253983656309,-0.299433586773622,-0.115794575580086,0.183639011193536
"WST",10,"kappa_0.3","app_sparse_hetero",7,"WST_heteroSparse",2.96291897812002,"BALANCED",2375,29,70,0,1,1,7,4,FALSE,-1.47383650502226,0.00787245068746106,-1.38383112927197,0.261309963850482,-1.39270101754689,0.118462683686506,-0.090005375750291,-0.0811354874753727,0.0088698882749183
"WST",10,"kappa_0.3","app_sparse_hetero",7,"WST_heteroSparse",2.96291897812002,"BALANCED",2376,30,70,0,0,0,8,4,FALSE,-0.182048033627844,0.40593167674912,-0.210853565226716,0.0502337781542102,-0.320175286397971,0.204236891458291,0.0288055315988718,0.138127252770126,0.109321721171255
"WST",10,"kappa_0.3","app_sparse_hetero",7,"WST_heteroSparse",2.96291897812002,"BALANCED",2377,31,70,0,0,0,7,4,FALSE,-0.485203781263699,0.26717358817402,-0.428067521792325,0.183043356380218,-0.456422576973065,0.0760251436257887,-0.057136259471374,-0.0287812042906346,0.0283550551807394
"WST",10,"kappa_0.3","app_sparse_hetero",7,"WST_heteroSparse",2.96291897812002,"BALANCED",2378,32,70,0,0,0,4,4,TRUE,-0.265723823563254,0.228493781705111,-0.250393679192297,-0.034310974107981,-0.2480284134935,0.143657151931697,-0.0153301443709575,-0.0176954100697548,-0.00236526569879736
"WST",10,"kappa_0.3","app_sparse_hetero",7,"WST_heteroSparse",2.96291897812002,"BALANCED",2379,33,70,1,0,1,4,4,TRUE,-2.44853860430594,0.291052500564948,-2.48207881319389,0.441024497150193,-2.45901870032719,0.122275180941454,0.03354020888795,0.0104800960212561,-0.0230601128666938
"WST",10,"kappa_0.3","app_sparse_hetero",7,"WST_heteroSparse",2.96291897812002,"BALANCED",2380,34,70,0,0,0,6,4,FALSE,-0.405426377314381,0.297527070217769,-0.458306313361835,0.318775187005673,-0.437768046863573,0.0768200533794911,0.0528799360474537,0.0323416695491918,-0.0205382664982618
"WST",10,"kappa_0.3","app_sparse_hetero",7,"WST_heteroSparse",2.96291897812002,"BALANCED",2381,35,70,1,0,1,3,4,FALSE,-1.11296812714971,0.636069876268213,-1.11361268711567,0.139467986761983,-1.10162455407034,0.495800177511942,0.000644559965961911,-0.011343573079369,-0.0119881330453309
"WST",10,"kappa_0.3","app_sparse_hetero",7,"WST_heteroSparse",2.96291897812002,"BALANCED",2382,36,70,0,1,1,5,4,FALSE,-2.90153932496426,0.548461977410173,-2.93656153676017,0.453637931566126,-2.88575900127051,0.308330023043302,0.0350222117959156,-0.0157803236937513,-0.0508025354896668
"WST",10,"kappa_0.3","app_sparse_hetero",7,"WST_heteroSparse",2.96291897812002,"BALANCED",2383,37,70,0,2,2,7,4,FALSE,-3.13851533662427,0.417512057530062,-2.95274999549785,0.425146719704342,-3.78420267939471,1.46378484744953,-0.185765341126412,0.645687342770444,0.831452683896856
"WST",10,"kappa_0.3","app_sparse_hetero",7,"WST_heteroSparse",2.96291897812002,"BALANCED",2384,38,70,0,0,0,9,4,FALSE,-0.171299886098868,0.403485322417213,-0.205528455075584,-0.0405529238348602,-0.306248233112419,0.165555806305334,0.0342285689767152,0.134948347013551,0.100719778036836
"WST",10,"kappa_0.3","app_sparse_hetero",7,"WST_heteroSparse",2.96291897812002,"BALANCED",2385,39,70,0,1,1,8,4,FALSE,-1.66978512091942,0.179263789543248,-1.67172400467915,0.145836733702675,-1.69493919436331,0.268632173537013,0.00193888375972495,0.0251540734438942,0.0232151896841692
"WST",10,"kappa_0.3","app_sparse_hetero",7,"WST_heteroSparse",2.96291897812002,"BALANCED",2386,40,70,0,1,1,10,4,FALSE,-1.17008844515452,0.241544813019879,-1.21125613769059,0.00162713534562686,-1.35517171017863,0.0423806817752315,0.0411676925360709,0.185083265024109,0.143915572488038
"WST",10,"kappa_0.3","app_sparse_hetero",7,"WST_heteroSparse",2.96291897812002,"BALANCED",2387,41,70,0,1,1,6,4,FALSE,-1.35385070209722,-0.0043515718087057,-1.30591326121817,0.122894452811147,-1.31682153014688,0.115297963313058,-0.0479374408790543,-0.0370291719503442,0.0109082689287101
"WST",10,"kappa_0.3","app_sparse_hetero",7,"WST_heteroSparse",2.96291897812002,"BALANCED",2388,42,70,0,0,0,1,4,FALSE,-0.274120097865917,0.0217864070735663,-0.203028523680198,0.204870899910381,-0.230696512971932,0.292728968542171,-0.0710915741857194,-0.0434235848939846,0.0276679892917349
"WST",10,"kappa_0.3","app_sparse_hetero",7,"WST_heteroSparse",2.96291897812002,"BALANCED",2389,43,70,0,0,0,4,4,TRUE,-0.238935859317599,0.266820249852578,-0.231076959292555,0.214257266093331,-0.226883885454628,0.07725874239558,-0.00785890002504441,-0.0120519738629712,-0.00419307383792678
"WST",10,"kappa_0.3","app_sparse_hetero",7,"WST_heteroSparse",2.96291897812002,"BALANCED",2390,44,70,0,0,0,9,4,FALSE,-0.281140860254087,0.192131099093912,-0.27582267249189,-0.0343453945932567,-0.412675298495848,0.127075325788657,-0.00531818776219684,0.13153443824176,0.136852626003957
"WST",10,"kappa_0.3","app_sparse_hetero",7,"WST_heteroSparse",2.96291897812002,"BALANCED",2391,45,70,1,0,1,2,4,FALSE,-1.68229684913964,0.0428583159870201,-1.60541215579167,0.296755410900857,-1.60467014009812,-0.0125539297764157,-0.0768846933479672,-0.0776267090415166,-0.000742015693549369
"WST",10,"kappa_0.3","app_sparse_hetero",7,"WST_heteroSparse",2.96291897812002,"BALANCED",2392,46,70,0,0,0,6,4,FALSE,-0.174626301623054,0.298772651199761,-0.162695006048154,0.0904878591700022,-0.180294779766504,0.181403642508863,-0.0119312955749002,0.00566847814344928,0.0175997737183495
"WST",10,"kappa_0.3","app_sparse_hetero",7,"WST_heteroSparse",2.96291897812002,"BALANCED",2393,47,70,0,1,1,10,4,FALSE,-1.4535129597425,0.290256425893129,-1.51181737585319,0.164527534730234,-1.75170176678531,0.188538332235489,0.0583044161106949,0.29818880704281,0.239884390932115
"WST",10,"kappa_0.3","app_sparse_hetero",7,"WST_heteroSparse",2.96291897812002,"BALANCED",2394,48,70,0,0,0,4,4,TRUE,-0.290874954385448,0.130015825252722,-0.281252050497512,0.193522587447984,-0.299899765146027,0.163834604157797,-0.00962290388793541,0.0090248107605797,0.0186477146485151
"WST",10,"kappa_0.3","app_sparse_hetero",7,"WST_heteroSparse",2.96291897812002,"BALANCED",2395,49,70,0,0,0,10,4,FALSE,-0.542392434985524,0.244373041794844,-0.523295679001484,0.101322865224273,-0.440989526599,-0.0148004652326913,-0.01909675598404,-0.101402908386524,-0.0823061524024844
"WST",10,"kappa_0.3","app_sparse_hetero",7,"WST_heteroSparse",2.96291897812002,"BALANCED",2396,50,70,0,0,0,8,4,FALSE,-0.502100229415492,0.202128791453755,-0.499700936826103,0.136642069866978,-0.52034935716949,-0.00450493631931977,-0.00239929258938965,0.0182491277539976,0.0206484203433872
"WST",10,"kappa_0.3","app_sparse_hetero",7,"WST_heteroSparse",2.96291897812002,"BALANCED",2397,51,70,0,0,0,7,4,FALSE,-0.528022029632282,0.209708813064305,-0.481318969931966,0.0806724666675416,-0.594700743030289,0.0641702694439741,-0.0467030597003157,0.0666787133980078,0.113381773098324
"WST",10,"kappa_0.3","app_sparse_hetero",7,"WST_heteroSparse",2.96291897812002,"BALANCED",2398,52,70,0,0,0,10,4,FALSE,-0.536638163441787,0.119173268412728,-0.525810050431761,0.168266496309185,-0.320477362185434,0.181880218232078,-0.0108281130100263,-0.216160801256353,-0.205332688246327
"WST",10,"kappa_0.3","app_sparse_hetero",7,"WST_heteroSparse",2.96291897812002,"BALANCED",2399,53,70,1,0,1,3,4,FALSE,-1.36714663953389,0.300150248321661,-1.33673090551599,0.108513318061478,-1.32193969535336,-0.144925058249399,-0.0304157340178985,-0.0452069441805252,-0.0147912101626266
"WST",10,"kappa_0.3","app_sparse_hetero",7,"WST_heteroSparse",2.96291897812002,"BALANCED",2400,54,70,0,0,0,5,4,FALSE,-0.259852570201572,0.263927948860192,-0.22956797964654,0.286790345049603,-0.230855975500857,0.097818061823104,-0.0302845905550315,-0.0289965947007147,0.00128799585431683
"WST",10,"kappa_0.3","app_sparse_hetero",7,"WST_heteroSparse",2.96291897812002,"BALANCED",2401,55,70,0,1,1,8,4,FALSE,-1.26976824386566,0.315255151751233,-1.23833012062858,0.414062135262613,-1.21425305960836,0.0442528435340651,-0.0314381232370833,-0.0555151842573052,-0.0240770610202219
"WST",10,"kappa_0.3","app_sparse_hetero",7,"WST_heteroSparse",2.96291897812002,"BALANCED",2402,56,70,0,0,0,3,4,FALSE,-1.27140545581209,0.144982691767281,-1.2575907767338,0.120326359223384,-1.19274596405652,0.0558067397743373,-0.0138146790782914,-0.0786594917555723,-0.0648448126772809
"WST",10,"kappa_0.3","app_sparse_hetero",7,"WST_heteroSparse",2.96291897812002,"BALANCED",2403,57,70,0,0,0,2,4,FALSE,-0.755991194203747,-0.0747041004988327,-0.809690123012287,0.167284105206504,-0.782974249687062,0.0289748381746984,0.0536989288085401,0.0269830554833144,-0.0267158733252257
"WST",10,"kappa_0.3","app_sparse_hetero",7,"WST_heteroSparse",2.96291897812002,"BALANCED",2404,58,70,0,0,0,8,4,FALSE,-0.559318365407042,0.195036736951415,-0.51663833605707,0.14920229410819,-0.440722444176893,0.0441859995565764,-0.0426800293499721,-0.118595921230149,-0.075915891880177
"WST",10,"kappa_0.3","app_sparse_hetero",7,"WST_heteroSparse",2.96291897812002,"BALANCED",2405,59,70,0,0,0,10,4,FALSE,-0.589397888373834,0.164320286821728,-0.418951526779765,0.141882659693592,-0.448318831870413,0.107456275263575,-0.170446361594069,-0.141079056503421,0.0293673050906484
"WST",10,"kappa_0.3","app_sparse_hetero",7,"WST_heteroSparse",2.96291897812002,"BALANCED",2406,60,70,0,0,0,5,4,FALSE,-0.317899270434482,0.0582969465021522,-0.366040324972073,0.06221506663847,-0.348007394081464,0.0744136415218427,0.0481410545375915,0.0301081236469827,-0.0180329308906089
"WST",10,"kappa_0.3","app_sparse_hetero",7,"WST_heteroSparse",2.96291897812002,"BALANCED",2407,61,70,0,0,0,1,4,FALSE,-0.642191859913925,0.242201786728742,-0.78003633401044,0.0435641227194042,-0.795595871010029,-0.0133479626624376,0.137844474096514,0.153404011096104,0.0155595369995893
"WST",10,"kappa_0.3","app_sparse_hetero",7,"WST_heteroSparse",2.96291897812002,"BALANCED",2408,62,70,0,0,0,6,4,FALSE,-0.341801114039742,0.0685041891410489,-0.350593873565932,0.0199739809679834,-0.368394231429285,0.401186234456773,0.00879275952619007,0.0265931173895426,0.0178003578633525
"WST",10,"kappa_0.3","app_sparse_hetero",7,"WST_heteroSparse",2.96291897812002,"BALANCED",2409,63,70,1,0,1,4,4,TRUE,-1.9367928870743,0.445110123509135,-1.59781224719617,-0.194842068293018,-1.44627481341821,1.0469572301516,-0.338980639878124,-0.490518073656086,-0.151537433777962
"WST",10,"kappa_0.3","app_sparse_hetero",7,"WST_heteroSparse",2.96291897812002,"BALANCED",2410,64,70,0,0,0,9,4,FALSE,-0.257413075385392,0.123296610083664,-0.193726694241421,0.361964060549743,-0.244892559118392,0.525066144681907,-0.0636863811439712,-0.0125205162670001,0.0511658648769711
"WST",10,"kappa_0.3","app_sparse_hetero",7,"WST_heteroSparse",2.96291897812002,"BALANCED",2411,65,70,1,0,1,3,4,FALSE,-1.11861708370113,0.579031497584403,-1.12298558420312,0.435710900268837,-1.10818234224475,0.705981714517855,0.00436850050199222,-0.0104347414563843,-0.0148032419583766
"WST",10,"kappa_0.3","app_sparse_hetero",7,"WST_heteroSparse",2.96291897812002,"BALANCED",2412,66,70,0,0,0,5,4,FALSE,-0.214766148150772,0.0171778252670988,-0.207147635041045,0.254945641468909,-0.205962797699165,0.185077901785334,-0.00761851310972617,-0.00880335045160674,-0.00118483734188057
"WST",10,"kappa_0.3","app_sparse_hetero",7,"WST_heteroSparse",2.96291897812002,"BALANCED",2413,67,70,3,0,3,3,4,FALSE,-2.89764019225998,0.299357714306453,-3.00410090094892,0.46205067915238,-2.99276750931513,0.260309350106267,0.106460708688936,0.0951273170551437,-0.0113333916337925
"WST",10,"kappa_0.3","app_sparse_hetero",7,"WST_heteroSparse",2.96291897812002,"BALANCED",2414,68,70,0,0,0,2,4,FALSE,-0.599974944807891,0.157988263516086,-0.627052767707903,-0.0860566561759291,-0.63168744883292,0.349610086743457,0.0270778229000115,0.0317125040250286,0.00463468112501708
"WST",10,"kappa_0.3","app_sparse_hetero",7,"WST_heteroSparse",2.96291897812002,"BALANCED",2415,69,70,0,0,0,2,4,FALSE,-0.982538863849633,-0.00598646485379195,-0.975793166358058,0.0565489633849441,-0.963548518259413,0.372179709046226,-0.00674569749157428,-0.0189903455902192,-0.0122446480986449
